0.000000
0.000000
0.000000
0.000000
0.000000
0.000000
0.000000
0.000000
0.000000
0.000000
0.000000
0.000000
0.000000
0.000000
0.000000
0.000000
0.000000
0.000000
0.000000
0.000000
0.000000
0.000000
0.000000
0.000000
0.003607
-0.000049
-0.004130
0.002678
0.004263
-0.002739
-0.003649
-0.000464
0.001485
0.000483
0.008812
-0.001265
0.003230
-0.006225
-0.001595
-0.003109
-0.002166
0.001511
-0.008239
0.000000
0.000000
0.000000
0.000000
0.000000
0.000000
0.000000
0.000000
0.000000
0.000000
0.000000
0.000000
0.000000
0.000000
0.000000
0.000000
0.000000
0.000000
0.000000
0.000000
0.000000
0.000000
0.000000
0.000000
0.000000
0.000000
0.000000
0.000000
0.000000
0.000000
0.000000
0.000000
0.000000
0.000000
0.000000
0.000000
0.000000
0.000000
0.000000
0.000000
0.000000
0.000000
0.000000
0.000000
0.000000
0.002701
-0.006248
-0.003849
0.001032
-0.000273
-0.010370
0.002823
-0.000710
0.004884
0.000596
-0.001174
0.001004
0.002377
-0.011086
0.000447
-0.001102
0.000000
0.000000
0.000000
0.000000
0.000000
0.000000
0.000000
0.000000
0.000000
0.000000
0.000000
0.000000
0.000000
0.000000
0.000000
-0.006365
0.005508
0.000874
0.001958
-0.001970
0.002048
0.006131
-0.000513
0.005118
0.001283
-0.014712
0.004930
0.001601
-0.002707
0.001288
0.000201
0.003549
0.001197
0.001406
-0.002513
-0.009464
0.003014
0.005352
-0.008342
-0.005352
0.001003
0.002793
0.002199
-0.001275
0.002513
-0.003896
-0.005035
0.000416
0.004638
-0.007738
-0.000071
-0.005353
0.000523
0.003578
0.000000
0.000000
0.000000
0.000000
0.000000
0.000000
0.000000
0.000000
0.000000
0.000000
0.000000
0.000000
0.000000
0.000000
0.001544
0.003983
0.005185
0.004298
-0.002143
0.006760
0.010588
0.005873
0.011016
0.002394
0.000000
0.002870
0.001717
0.002854
-0.001597
-0.000966
0.001247
-0.005872
0.006121
0.000534
-0.004164
-0.001242
-0.009286
0.002802
0.000000
0.000000
0.000000
0.000000
0.000000
0.000000
0.000000
0.000000
0.000000
0.000000
0.000000
0.000000
0.000000
0.000000
0.000000
0.000000
0.000000
0.000000
0.003493
-0.001296
0.005887
-0.005347
-0.005574
-0.011875
0.000890
-0.002249
-0.007193
-0.004681
-0.001616
0.000000
0.000000
0.000000
0.000000
0.000000
0.000000
0.000000
0.000000
0.000000
0.000000
0.000000
0.000000
0.000000
0.000000
0.000000
0.000000
0.001792
-0.007124
0.005841
0.004994
0.005432
-0.000769
0.008472
-0.003276
-0.001650
-0.012427
0.003735
-0.002766
-0.005000
-0.006613
0.005924
-0.005905
-0.009494
-0.001488
0.000000
0.000000
0.000000
-0.000309
-0.000155
-0.003321
0.007967
0.007853
0.000796
-0.002941
0.006604
-0.003947
-0.005819
0.007798
-0.006562
-0.004771
0.002679
-0.003219
0.001986
-0.001334
0.000000
0.000000
0.000000
0.000000
0.000000
-0.003916
-0.003937
-0.006060
-0.000714
0.003132
-0.005130
0.006050
0.008634
0.003230
-0.004441
0.007272
-0.006553
-0.001865
-0.014106
0.005825
0.002769
0.002039
0.008775
-0.006178
-0.002419
0.003643
-0.004326
0.000152
0.000206
0.013223
0.003534
0.002121
-0.004043
-0.001280
-0.006894
-0.000671
-0.000103
-0.005330
0.000000
0.000000
0.000000
0.000000
0.000000
0.000000
0.000000
0.000000
0.000000
0.000000
0.000000
0.000000
0.000000
0.000000
0.000000
0.000000
0.000000
0.000000
0.000000
-0.010959
0.000713
-0.000034
0.001152
0.000420
-0.002961
0.003860
-0.004637
0.001530
-0.004320
-0.009494
0.003008
-0.005818
0.000000
0.000000
0.000000
0.000000
0.000000
0.000000
0.000000
0.000000
0.000000
0.000000
0.000000
0.000000
0.000000
0.000000
0.000000
0.000000
0.000000
0.000000
0.000000
0.000000
0.000000
0.000000
0.000000
0.000000
0.000000
0.000000
0.000000
0.000000
0.000000
0.000000
0.000000
0.000000
0.000000
0.000000
0.000000
0.000000
0.000000
0.000000
0.000000
0.000000
0.000000
0.000000
0.000000
0.000000
0.000000
0.000000
0.000000
0.000000
0.000000
0.000000
0.000000
0.000000
0.000000
0.000000
0.000000
0.000000
0.000231
0.004693
-0.001024
0.001518
-0.001598
0.004957
-0.003359
-0.000762
0.000585
-0.002086
0.000786
0.011017
-0.001355
-0.007143
0.000000
0.000000
0.000000
0.000000
0.000000
0.000000
0.000000
0.000000
0.000000
0.000000
0.000000
0.000000
0.000000
0.000000
0.000000
0.000000
0.000000
0.000000
0.000000
0.000000
0.000000
0.000000
0.000000
0.000000
0.000000
0.000000
0.000000
0.000000
0.000000
0.000000
0.000000
0.000000
0.000000
0.000000
0.000000
0.000000
0.000000
0.000000
0.000000
0.002255
-0.005891
-0.005359
-0.000679
-0.004547
0.008852
0.004613
0.001434
-0.007291
0.007767
0.001058
-0.008027
0.000000
0.000000
0.000000
0.000000
0.000000
0.000000
0.000000
0.000000
0.000000
0.000000
0.000000
0.000000
0.000000
0.000000
0.000000
0.000000
0.000000
0.000000
0.000000
0.000000
0.000000
0.000000
0.000000
0.000000
-0.000465
0.003668
0.002707
0.004235
0.008303
-0.002789
-0.004034
-0.000537
0.002039
0.004223
-0.004749
-0.006826
0.004322
-0.010507
0.003891
0.003087
0.008445
-0.002590
0.000000
0.000000
0.000000
0.000000
0.000000
0.000000
0.000000
0.000000
0.000000
0.000000
0.000000
0.000000
0.000000
-0.002325
-0.004163
-0.003899
0.003017
-0.000612
0.000380
0.003474
0.006304
-0.001208
-0.000131
-0.007209
0.000000
0.000000
0.000000
0.000000
0.000000
0.000000
0.000000
0.000000
0.001039
-0.004751
-0.000066
0.003378
0.004909
0.003430
-0.000929
0.003606
0.006237
-0.000031
-0.007006
0.005036
0.000340
-0.001270
-0.003758
0.000734
0.000273
-0.004223
0.000023
-0.003171
0.013209
0.005728
0.003457
0.001137
-0.006706
0.010504
-0.002226
-0.001062
0.002614
-0.006896
0.004872
0.002032
0.005564
0.000000
0.000000
0.000000
0.000000
0.000000
0.000000
0.000000
0.000000
0.000000
0.000000
0.000000
0.000000
0.000000
0.000000
0.000000
0.000000
0.000000
0.000000
0.000000
0.000000
0.000000
0.000000
0.000000
0.000000
-0.001447
-0.002799
-0.010266
0.003953
-0.003823
0.011361
0.001188
-0.006374
-0.001366
0.001212
0.008036
0.001158
0.001538
0.001917
0.000516
0.001062
-0.003586
-0.000778
-0.001169
0.000000
0.000000
0.000000
0.000000
0.000000
-0.008052
-0.002299
0.006466
0.005099
0.003165
-0.005386
0.006568
-0.000784
-0.002123
-0.000219
-0.007143
-0.004609
0.006180
0.006502
-0.006403
0.000000
0.000000
0.000000
0.009221
0.006257
0.007122
0.007133
-0.003065
-0.002196
0.006353
0.007671
-0.004657
-0.003420
0.006435
0.004079
-0.009553
0.010151
0.000000
0.000000
-0.001527
0.010420
-0.002776
0.001008
0.009897
0.004705
-0.003148
0.009197
0.005092
0.002732
-0.008102
-0.003609
0.000000
0.000000
0.000000
0.000000
0.000000
0.000000
0.000000
0.000000
0.000000
0.000000
0.000000
0.000000
0.000000
0.003935
0.001009
0.001532
-0.000236
-0.003614
0.009452
0.001151
-0.001991
-0.004801
-0.002628
-0.005581
0.000044
0.000000
0.000000
0.000000
0.000000
0.000000
0.000000
0.000000
0.000000
0.000000
0.000000
0.000000
0.000000
0.000000
0.000000
0.000000
0.000000
0.000000
0.000000
0.000000
0.000000
0.000000
0.000000
0.000000
0.000000
0.000000
0.000000
0.000000
0.000000
0.000000
0.000000
0.000000
0.000000
0.000000
0.000000
0.000000
0.000000
0.000000
0.000000
0.000000
0.000000
0.000000
0.000000
0.000000
0.000000
0.000000
0.000000
-0.001085
0.003208
-0.000409
0.008418
0.006743
0.007693
-0.001267
-0.005720
0.002771
0.004351
-0.007951
0.002742
-0.002759
-0.008641
0.000793
-0.001103
0.005200
-0.012379
0.000000
0.000000
0.000000
0.000000
0.000000
0.000000
0.000000
0.004284
-0.003220
-0.014126
0.005301
0.002626
-0.005717
0.004189
-0.000344
-0.001758
-0.001151
0.005189
-0.005016
0.001223
-0.003012
-0.000810
0.001970
0.008528
0.000000
0.000000
0.000000
0.000000
0.000000
0.000000
0.000000
0.000000
0.000000
0.000000
0.000000
0.000000
0.000000
0.000000
0.000000
0.000000
0.000000
0.000000
0.000000
0.000000
0.000000
0.002888
-0.001336
-0.002772
0.000762
0.006698
-0.000529
0.001013
-0.004368
0.001388
-0.004493
0.000284
0.004754
0.002503
0.002959
-0.003701
0.000444
0.000000
0.000000
0.000000
0.000000
0.000000
0.000000
0.000000
0.000000
0.000000
0.000000
0.000000
0.000000
0.000000
0.000000
0.000000
0.000000
0.000000
0.000000
0.000000
0.000000
0.000000
0.000000
0.000000
0.000000
0.000000
0.000000
0.000000
0.000000
0.000000
0.000000
0.000000
0.000000
0.000000
0.000000
0.000000
0.000000
0.000000
0.000000
0.009287
0.002194
0.005180
-0.000987
-0.000928
-0.003852
0.003899
-0.001783
-0.000681
-0.004301
-0.008665
0.002281
0.008695
-0.003737
-0.009697
0.008950
-0.003327
-0.003960
-0.007286
0.003732
0.002047
0.000191
0.000816
-0.000196
0.000829
0.005787
0.004076
0.000000
0.000000
0.000000
0.000000
0.000000
0.000000
0.000000
0.002776
-0.003559
0.003323
-0.004708
-0.005494
0.004652
0.002637
-0.009149
0.000380
-0.000789
0.002321
0.003710
0.005204
0.012043
-0.004721
0.003508
0.003668
0.000631
0.000673
-0.005023
0.001198
-0.005623
0.002041
0.000050
0.001496
-0.002758
0.007583
0.003034
-0.007294
-0.003001
-0.003470
0.000000
0.000000
0.000000
0.000000
0.000000
0.000000
0.000000
0.000000
0.000000
0.000000
0.000000
0.000000
0.000000
0.000000
0.000000
0.000000
0.000000
0.000000
0.004264
0.004092
0.001581
-0.001270
0.007270
0.006976
0.005112
-0.003578
0.001660
0.009459
0.002669
-0.010953
-0.009399
0.000571
-0.002805
0.002440
0.001107
-0.000114
0.006654
0.000000
0.000000
0.000000
0.000000
0.000000
0.000000
0.000000
0.000000
0.000000
0.000000
0.000000
0.000000
0.000000
0.000000
0.000000
0.000000
0.000000
0.000000
0.000000
0.000000
0.000000
0.000000
0.000000
0.000000
0.000000
0.000000
0.000000
0.000000
0.000000
0.000000
-0.002622
0.001021
0.001057
0.002126
0.007027
0.003270
0.002310
-0.003537
-0.002165
0.000343
0.003441
-0.003776
-0.002234
-0.000163
-0.000728
-0.002548
-0.001609
-0.007676
0.000000
0.000000
0.000000
0.000000
0.000000
0.000000
0.000000
0.000000
0.000000
0.000000
0.000000
0.000000
0.000000
0.000000
0.000000
0.000000
0.000000
0.000000
0.000000
0.000000
0.000000
0.000000
0.000000
0.000000
0.000000
0.000000
0.000000
0.000000
0.000000
0.000000
0.000000
0.000000
0.000000
0.000000
0.000000
0.000000
0.000000
0.000000
0.000000
0.000000
0.000000
0.006336
0.001170
0.008632
0.000850
0.005469
0.006914
0.001447
-0.006621
-0.000230
-0.001737
0.001089
-0.004416
0.007622
-0.001886
-0.000570
0.003429
-0.001007
0.004010
-0.007261
0.002527
0.011623
0.002270
-0.001048
-0.003115
-0.005105
0.008116
0.000000
0.000000
0.000000
0.000000
0.000000
0.000000
0.000000
0.000000
0.000000
0.000000
0.000000
0.000000
0.000000
0.000000
0.000000
0.000000
0.000000
0.001004
-0.001212
0.003009
-0.006421
-0.002809
-0.001739
0.001113
-0.008774
-0.006211
0.006758
0.002651
-0.011059
-0.007523
-0.014898
-0.001125
0.002246
0.003011
0.001682
-0.006690
0.009453
-0.005116
0.000000
0.000000
0.000000
0.000000
0.000000
0.000000
0.000000
0.000000
0.000000
0.000000
0.000000
0.000000
0.000000
0.000000
0.000000
0.000000
0.000000
0.000000
0.000000
0.000000
0.000000
0.000000
0.000000
0.000000
0.000000
0.000000
0.000000
0.000000
0.000000
0.000000
0.000000
0.000000
0.000000
0.000000
0.000000
0.000000
0.000000
0.000000
0.000000
0.000000
0.000000
0.000000
0.000000
0.000000
0.000000
0.000000
0.000000
0.000000
0.000000
0.000000
0.000000
0.000000
0.000000
0.000000
0.000000
0.000000
0.000000
0.000000
0.000000
0.000000
0.000000
0.000000
0.000000
0.000000
0.000000
0.000000
0.000000
0.000000
0.000000
0.000000
0.000000
0.000000
0.000000
0.000000
0.000000
0.000000
-0.008170
-0.004877
0.003371
-0.005331
-0.003662
0.005550
0.000543
0.003304
-0.000774
0.004413
-0.001286
0.001924
-0.003089
0.004331
0.003561
-0.002019
-0.005379
-0.005235
-0.006154
0.004937
0.006531
0.007313
0.000564
-0.001425
0.003136
0.000525
-0.006761
0.002062
0.000101
-0.005807
0.003320
-0.003992
0.004705
0.001715
0.002378
-0.007648
-0.008248
0.007927
0.000904
0.001389
-0.001422
0.004436
0.000000
0.000000
0.000000
0.000000
0.000000
0.000000
0.000000
0.000000
0.000000
0.000000
0.000000
0.000000
0.000000
0.000000
0.000000
0.000000
0.000000
0.000000
0.000000
0.000000
0.000000
0.000000
0.000000
0.000238
-0.005018
0.002182
-0.004725
0.000894
-0.001399
0.000186
0.004666
-0.003793
0.005740
0.006745
0.000000
0.000000
0.000000
0.000000
0.000000
0.000000
0.000000
0.000000
0.000000
0.000000
0.000000
0.000000
0.000000
0.000000
0.000000
0.000000
0.000000
0.000000
0.000000
0.000000
0.000000
0.000000
-0.003069
0.001387
-0.003938
0.007194
-0.002558
-0.001363
0.001130
0.001675
0.000288
0.002532
0.003635
0.000000
0.000000
0.000000
0.000000
0.000000
0.000000
0.000000
0.000000
0.000000
0.000000
0.000000
0.000000
0.000000
0.000000
0.000000
0.000000
0.000000
0.000000
0.000000
0.000000
0.000000
0.000000
0.000000
0.008982
-0.002774
0.007272
-0.004980
-0.004911
-0.004943
-0.002139
-0.004775
0.002136
-0.000015
0.005768
0.004662
-0.002918
-0.000053
-0.000852
0.003565
-0.000237
-0.000694
-0.008097
0.001206
0.004903
0.000499
0.007797
0.007275
0.005601
0.000891
-0.003516
0.000694
-0.000986
-0.007483
0.005654
-0.008725
0.000604
0.000773
0.001726
-0.002229
0.000000
0.000000
0.000000
0.000000
0.000000
0.000000
0.000000
0.000000
0.000000
0.000000
0.000000
0.000000
0.004389
-0.010509
-0.004282
-0.002455
0.001368
-0.002622
-0.002153
-0.000039
-0.001681
0.001559
-0.002605
0.006175
0.002354
0.002952
0.005784
0.003543
0.000000
0.000000
0.005935
0.002833
0.004913
-0.008148
-0.005151
0.007031
0.002227
-0.007262
0.000162
0.004039
-0.005055
0.000000
0.000000
0.000000
0.000000
0.000000
0.000000
0.000000
0.000000
0.000000
0.000000
0.000000
0.000000
0.000000
0.000000
0.000000
0.000000
0.000000
0.000000
0.000000
0.000000
0.000758
0.000660
-0.001153
-0.005646
-0.000598
-0.002865
0.006102
-0.000833
0.001132
0.005778
-0.002098
0.000000
0.000000
0.000000
0.000000
0.000000
0.000000
0.000000
0.000000
0.000000
0.000000
0.000000
0.000000
0.000000
0.000000
0.000000
0.000000
0.000000
0.000000
0.000000
0.000000
0.000000
0.000000
-0.005586
0.005613
0.003733
-0.002333
0.006773
-0.001030
-0.009276
0.006341
-0.010444
0.004230
-0.005073
-0.001452
-0.004626
0.005607
-0.001009
-0.004524
0.006561
-0.008317
-0.003417
-0.002329
-0.001887
0.000481
-0.006139
0.003493
0.000000
0.000000
0.000000
0.000000
0.000000
0.000000
0.000000
0.000000
0.000000
0.000000
0.000000
0.000000
0.000000
0.000000
0.000000
0.000000
0.000000
0.000000
0.000000
0.000000
0.000000
0.000000
0.000000
0.000000
0.000000
0.000000
0.000000
0.000000
0.000000
0.000000
0.000000
0.000000
0.000000
0.000000
0.000000
0.000000
0.000000
0.000000
0.000000
0.000000
0.000000
0.000000
0.000000
0.000000
0.000000
0.000000
0.001548
-0.005046
0.007539
0.006773
0.005080
-0.002357
0.001024
0.008127
0.013163
-0.002677
0.002291
-0.007162
0.011732
-0.006133
0.007541
-0.005157
-0.003868
0.004957
0.000000
0.000000
0.000000
0.000000
0.000000
0.000000
0.000000
0.000000
0.000000
0.000000
0.000000
0.000000
0.000000
0.000000
0.000000
0.000000
0.000000
0.000000
0.000000
0.000000
0.000000
0.000000
0.000000
0.000000
0.000000
-0.011996
-0.011531
0.000573
0.015027
-0.000895
0.004050
0.002244
-0.005131
-0.001434
0.006269
-0.000895
-0.004461
0.001570
0.003208
-0.004275
-0.006694
-0.004261
-0.004957
0.000000
0.000000
0.000000
0.000000
0.000000
0.000000
0.000000
0.000000
0.000000
0.000000
0.000000
0.000000
0.000000
0.000000
0.000000
0.000000
0.000000
0.000000
0.000000
0.000000
0.000000
0.000000
0.000000
0.000000
0.000000
0.000000
0.000000
0.000000
0.000000
0.000000
0.000000
0.000000
0.000000
0.000000
0.000000
0.000000
0.000000
0.000000
0.005034
-0.002189
-0.001494
0.007313
0.004386
-0.000791
-0.008823
-0.004713
0.000590
-0.002647
0.009877
-0.003044
0.003172
0.003934
0.005563
0.000177
0.005427
0.002097
0.002063
-0.002169
0.001630
0.004790
-0.002767
-0.002996
0.002861
-0.006085
0.005642
-0.007496
0.002995
0.003606
0.002417
0.001043
0.001259
-0.003931
0.005864
-0.002949
0.004359
-0.001291
0.001077
-0.002224
0.002964
-0.005255
-0.002250
0.001331
-0.002775
-0.002390
0.000768
0.001739
0.003804
-0.000269
0.001610
0.004327
0.000000
0.000000
0.000000
0.000000
0.000000
0.000000
0.000000
0.000000
0.000000
0.000000
0.000000
0.000000
0.000000
0.000000
0.000000
0.000000
0.000000
0.000000
0.000000
0.000000
0.000000
0.000000
0.000000
0.000000
0.000000
0.000000
0.000000
0.000000
0.000000
0.000000
0.000000
0.000000
0.000000
0.000000
0.000000
0.000000
0.000000
0.000000
0.004719
0.003191
0.002132
-0.001222
0.002039
0.003645
0.003423
-0.009774
-0.000518
-0.000968
-0.005271
-0.004021
0.000596
0.000000
0.000000
0.000000
0.000000
0.000000
0.002865
0.001301
0.011454
0.003069
0.002121
0.006570
-0.002908
0.000215
-0.001072
-0.002089
-0.010118
0.005623
0.011746
-0.000430
-0.001065
0.012486
0.005022
-0.009843
-0.000531
-0.000098
-0.002075
0.000000
-0.009915
-0.007008
0.003289
-0.003001
-0.000138
0.005286
-0.007860
-0.005252
-0.005186
-0.001820
0.007525
0.000555
0.001463
0.009457
-0.002954
0.000905
0.002252
0.000924
-0.001740
0.000000
0.000000
0.000000
0.000000
0.000000
0.000000
0.000000
0.000000
0.000000
0.000000
0.000000
0.000000
0.000000
0.000000
0.000000
0.000000
0.000000
0.000000
0.000000
0.000000
0.000000
0.000000
0.000000
0.000000
0.000000
0.000000
0.000000
0.000000
0.000000
0.000000
0.000000
0.000000
0.000000
0.000000
0.000000
-0.001761
-0.001798
-0.000797
0.002214
0.002687
0.003497
-0.001001
-0.005174
-0.008617
-0.007940
0.009296
0.000254
-0.007395
0.000000
0.000000
0.000000
0.000000
-0.001440
0.000814
0.005759
0.003428
0.001465
0.006983
0.010399
-0.000229
-0.008563
-0.000658
0.000235
-0.001336
-0.010061
0.004145
-0.007085
-0.008454
-0.006961
-0.001524
-0.001481
-0.000384
-0.007923
0.001692
0.001552
0.000730
0.004678
0.001406
-0.003907
0.000000
0.000000
0.000000
0.000000
0.000000
0.000000
0.000000
0.000000
0.000000
0.000000
0.000000
0.000000
0.000000
0.000000
0.000000
0.000000
0.000000
0.000000
0.000000
0.000000
0.000000
0.000000
0.000000
0.000000
0.000000
0.000000
0.000000
0.000000
0.000000
0.000000
0.000000
0.000000
0.000000
0.000000
0.000000
0.000000
0.005303
-0.002579
0.006185
0.002313
0.004813
-0.001196
0.000239
-0.003134
-0.000747
-0.002135
0.001856
0.005723
-0.000111
0.000239
0.000000
0.000000
0.000000
0.000000
0.000000
0.000000
0.000000
0.000000
0.000000
0.000000
0.000000
0.000000
0.000000
0.000000
0.000000
0.000000
0.000000
0.000000
0.000000
0.000000
0.000000
0.000000
0.000000
0.000000
0.000000
0.000000
0.000000
0.000000
0.000000
0.000000
0.000000
0.000000
0.000000
0.000000
0.000000
0.000000
0.000000
0.000000
0.000000
0.000000
0.000000
0.000000
0.000000
0.000000
0.000000
0.000000
0.000000
0.000000
0.000000
0.000000
0.000000
0.000000
0.000000
0.000000
0.000000
0.000000
0.000000
0.000000
0.000000
0.000000
0.000000
0.000000
0.000000
0.000000
0.000000
0.000000
0.000000
0.000000
0.000000
0.000000
0.000000
0.000000
0.000000
0.000000
0.000000
0.000000
0.000000
0.000000
0.000000
0.000000
0.000000
0.000000
0.000000
0.000000
0.000000
0.000000
0.000000
0.000000
0.000000
0.000000
0.000000
0.000000
0.000000
0.000000
0.000000
0.000000
0.000000
0.000000
0.000000
0.000000
0.000000
0.002185
0.002455
0.002751
0.003077
0.003434
0.015025
0.020191
0.025595
0.037660
0.048056
0.062492
0.077907
0.095548
0.114991
0.140350
0.166352
0.188496
0.213936
0.233003
0.250919
0.262905
0.270886
0.275289
0.279898
0.283172
0.284839
0.287703
0.291232
0.302353
0.312494
0.325522
0.339343
0.353465
0.370178
0.381720
0.390215
0.394833
0.396001
0.392752
0.382899
0.367659
0.346986
0.326446
0.304092
0.270555
0.234564
0.197110
0.160672
0.124368
0.090882
0.066668
0.044655
0.031252
0.023732
0.023584
0.030192
0.042428
0.058766
0.077424
0.101122
0.118328
0.132514
0.145180
0.152010
0.152988
0.153047
0.147414
0.138454
0.124291
0.108726
0.091986
0.078829
0.061794
0.053664
0.040196
0.030242
0.027481
0.024613
0.026090
0.031880
0.043368
0.058654
0.076636
0.098563
0.121291
0.147929
0.172297
0.196246
0.218875
0.243341
0.271194
0.292060
0.313552
0.333230
0.353309
0.381219
0.396357
0.415846
0.442393
0.460504
0.458166
0.476652
0.453646
0.435130
0.407142
0.348018
0.306801
0.257967
0.211173
0.173500
0.149608
0.135036
0.135047
0.144336
0.160630
0.184760
0.208186
0.234626
0.257885
0.277525
0.296036
0.306832
0.319920
0.322774
0.324326
0.324231
0.318238
0.310974
0.305767
0.301030
0.297973
0.292327
0.288779
0.287380
0.287993
0.290307
0.293860
0.300091
0.305113
0.311118
0.312856
0.312916
0.310868
0.307298
0.300419
0.297515
0.290835
0.281565
0.270720
0.260085
0.251005
0.243209
0.234691
0.232062
0.226132
0.222443
0.221735
0.221736
0.222841
0.224435
0.227034
0.229339
0.223888
0.222609
0.214938
0.203978
0.208393
0.200867
0.179130
0.160900
0.139333
0.128681
0.115731
0.095155
0.080948
0.067207
0.056154
0.047990
0.046798
0.044626
0.044249
0.044685
0.054481
0.056134
0.075761
0.076842
0.086696
0.079185
0.087845
0.110654
0.110581
0.111086
0.123129
0.122654
0.130255
0.132566
0.130674
0.126709
0.143017
0.140612
0.140698
0.140984
0.147612
0.150226
0.154280
0.155793
0.157662
0.160737
0.164044
0.169306
0.173930
0.178144
0.181713
0.187096
0.191138
0.195811
0.203837
0.212898
0.218747
0.226104
0.232944
0.242350
0.251260
0.263652
0.275391
0.286109
0.297699
0.310461
0.322279
0.333767
0.345334
0.355602
0.360856
0.363135
0.362874
0.359628
0.357725
0.350232
0.344739
0.333683
0.325028
0.315587
0.308067
0.301790
0.298701
0.298928
0.296705
0.294161
0.293848
0.285271
0.275763
0.258756
0.239765
0.217099
0.200043
0.182200
0.170724
0.162870
0.159418
0.161198
0.165830
0.169839
0.173051
0.165203
0.152158
0.126196
0.078389
0.020649
-0.043778
-0.112887
-0.179914
-0.237378
-0.274581
-0.304583
-0.314876
-0.298988
-0.269349
-0.226762
-0.174074
-0.115133
-0.053686
0.006589
0.059245
0.113924
0.149330
0.177954
0.195440
0.201865
0.213523
0.191763
0.172959
0.145112
0.115323
0.072166
0.040102
0.013850
-0.002992
-0.021885
-0.030396
-0.040809
-0.046855
-0.051621
-0.055455
-0.056819
-0.061310
-0.066080
-0.067907
-0.074672
-0.077041
-0.080072
-0.090267
-0.094729
-0.103530
-0.107847
-0.113166
-0.118108
-0.120307
-0.118614
-0.118784
-0.114830
-0.111519
-0.102176
-0.096250
-0.089509
-0.081989
-0.074202
-0.065705
-0.056705
-0.044572
-0.034002
-0.023348
-0.010758
0.001822
0.008905
0.019473
0.027784
0.031864
0.036183
0.044200
0.046849
0.048851
0.050886
0.053487
0.054100
0.054634
0.056490
0.059561
0.060667
0.061752
0.064772
0.068173
0.071971
0.073034
0.075959
0.075902
0.078754
0.077967
0.076661
0.075463
0.077202
0.076117
0.075260
0.080512
0.077407
0.069681
0.058641
0.043738
0.017899
-0.014184
-0.054550
-0.100632
-0.145745
-0.186750
-0.220417
-0.250273
-0.271891
-0.284091
-0.287923
-0.286198
-0.282335
-0.275968
-0.271737
-0.267854
-0.265705
-0.264047
-0.259484
-0.256152
-0.239664
-0.228821
-0.217498
-0.196912
-0.180658
-0.162127
-0.144121
-0.125463
-0.105032
-0.086296
-0.066453
-0.047186
-0.029168
-0.013698
0.009527
0.009809
0.037215
0.031654
0.041181
0.055140
0.039899
0.046580
0.038426
0.047408
0.038195
0.040838
0.038070
0.037519
0.034234
0.026241
0.013589
-0.002605
-0.032421
-0.071805
-0.124015
-0.180262
-0.241243
-0.304679
-0.360451
-0.409905
-0.448591
-0.474567
-0.484569
-0.483537
-0.466865
-0.437281
-0.405711
-0.371643
-0.332730
-0.292740
-0.253663
-0.215318
-0.176077
-0.134054
-0.104800
-0.078951
-0.054711
-0.035802
-0.024598
-0.005414
-0.004330
-0.002911
-0.002683
0.000624
-0.002166
-0.001002
0.000678
0.007122
0.012603
0.022104
0.025877
0.030402
0.027740
0.017032
0.000301
-0.021110
-0.042752
-0.063933
-0.082535
-0.096846
-0.099165
-0.098307
-0.093010
-0.087089
-0.077747
-0.064660
-0.055191
-0.045394
-0.039097
-0.036054
-0.037044
-0.041350
-0.040751
-0.037434
-0.034417
-0.028594
-0.020385
-0.008859
0.009756
0.029025
0.052091
0.077384
0.102401
0.127277
0.150797
0.171718
0.189830
0.202601
0.211183
0.212289
0.203051
0.191504
0.165790
0.134014
0.095794
0.051417
0.002852
-0.044278
-0.093707
-0.142016
-0.188438
-0.225548
-0.260254
-0.289542
-0.312170
-0.328153
-0.335524
-0.339731
-0.339023
-0.331871
-0.321773
-0.309848
-0.298758
-0.285762
-0.273739
-0.261533
-0.252181
-0.242784
-0.236202
-0.224776
-0.224310
-0.221231
-0.222361
-0.223470
-0.222826
-0.217905
-0.221715
-0.220570
-0.220890
-0.212712
-0.207120
-0.198786
-0.186566
-0.171800
-0.149183
-0.129308
-0.106404
-0.079915
-0.053681
-0.027011
0.000176
0.030611
0.058665
0.085647
0.113645
0.141243
0.164872
0.188451
0.208749
0.226121
0.243357
0.257587
0.268467
0.280874
0.288403
0.291206
0.288143
0.282230
0.269383
0.251853
0.233982
0.209700
0.176870
0.140454
0.102023
0.063182
0.022231
-0.016052
-0.054245
-0.080093
-0.106841
-0.123145
-0.134036
-0.137257
-0.130726
-0.108579
-0.085313
-0.060150
-0.035158
-0.013808
0.001129
0.006173
0.000457
-0.015729
-0.042903
-0.075079
-0.112171
-0.139895
-0.172360
-0.202563
-0.227863
-0.245608
-0.259752
-0.262507
-0.263790
-0.267721
-0.267735
-0.262941
-0.249080
-0.234390
-0.212561
-0.183283
-0.158328
-0.132654
-0.096677
-0.075037
-0.049708
-0.016422
0.015360
0.050941
0.077754
0.095382
0.128634
0.142357
0.172194
0.195920
0.211410
0.224789
0.232925
0.244816
0.245238
0.255498
0.259290
0.256028
0.248341
0.264691
0.257400
0.252195
0.249011
0.251936
0.248360
0.245262
0.246033
0.241175
0.235292
0.230826
0.228146
0.224307
0.204703
0.181457
0.168262
0.169684
0.143426
0.122638
0.095409
0.070254
0.047032
0.017602
0.006829
-0.025142
-0.050875
-0.067141
-0.088100
-0.115186
-0.129885
-0.133283
-0.156226
-0.153461
-0.162334
-0.161807
-0.167874
-0.149817
-0.149720
-0.132679
-0.113367
-0.092185
-0.069478
-0.042607
-0.015542
0.013544
0.045747
0.078858
0.108454
0.136770
0.158502
0.170802
0.176269
0.174946
0.167598
0.149752
0.132147
0.112901
0.098145
0.093068
0.081075
0.096943
0.099741
0.092130
0.102030
0.093435
0.086729
0.073725
0.058047
0.030172
0.015843
0.016390
-0.019054
-0.027683
-0.041330
-0.051014
-0.053553
-0.055123
-0.054892
-0.052514
-0.047208
-0.041665
-0.035991
-0.031150
-0.027615
-0.023705
-0.027176
-0.032714
-0.038800
-0.047828
-0.056679
-0.066185
-0.075482
-0.088537
-0.098048
-0.105331
-0.113374
-0.118628
-0.118480
-0.114670
-0.108505
-0.093025
-0.076705
-0.053262
-0.030731
-0.008358
0.014040
0.030538
0.043067
0.051226
0.057743
0.051407
0.039669
0.018913
-0.010081
-0.044070
-0.082313
-0.124099
-0.165715
-0.204259
-0.231078
-0.248835
-0.260094
-0.259623
-0.247467
-0.224817
-0.201270
-0.168311
-0.135344
-0.105942
-0.081395
-0.058918
-0.038580
-0.019080
0.003363
0.015975
0.037007
0.043973
0.045057
0.044551
0.035199
0.017605
-0.005082
-0.028464
-0.055652
-0.080591
-0.102406
-0.121435
-0.132527
-0.143095
-0.147731
-0.159554
-0.164519
-0.175893
-0.177661
-0.193861
-0.202235
-0.210296
-0.224520
-0.226657
-0.245892
-0.249368
-0.256927
-0.259628
-0.251532
-0.256888
-0.250639
-0.241380
-0.229549
-0.213304
-0.197603
-0.176987
-0.161431
-0.142319
-0.126184
-0.112039
-0.107584
-0.089382
-0.074683
-0.059419
-0.053755
-0.044010
-0.040838
-0.026176
-0.021688
-0.025300
-0.017541
-0.011301
-0.019314
-0.000306
0.003111
0.035106
0.033196
0.048655
0.069565
0.087166
0.102246
0.119434
0.131417
0.135475
0.145413
0.159546
0.154662
0.161653
0.157022
0.153704
0.166597
0.165892
0.171944
0.184363
0.202626
0.198195
0.214562
0.206235
0.195429
0.174067
0.150857
0.122119
0.082009
0.045316
0.010466
-0.011899
-0.032257
-0.036491
-0.041170
-0.039041
-0.022016
-0.005850
0.024420
0.048506
0.062413
0.083649
0.081328
0.079091
0.065461
0.060388
0.038233
0.017960
-0.000365
-0.009232
-0.002742
0.015455
0.046172
0.086045
0.135425
0.182484
0.228349
0.272054
0.307634
0.336763
0.358065
0.372866
0.389711
0.387377
0.380940
0.369881
0.350433
0.338622
0.323096
0.299065
0.270419
0.248415
0.221887
0.188657
0.162643
0.148600
0.109699
0.095738
0.078422
0.056202
0.039556
0.027821
0.013739
0.012435
0.006981
0.001093
-0.001462
0.005963
0.008595
0.014356
0.023449
0.036655
0.053179
0.071888
0.093992
0.120884
0.133885
0.165948
0.174827
0.188693
0.178394
0.181532
0.154240
0.109458
0.059449
-0.000704
-0.049938
-0.116161
-0.168513
-0.216729
-0.258126
-0.286346
-0.291914
-0.282144
-0.287890
-0.263213
-0.238101
-0.204762
-0.166122
-0.142280
-0.105999
-0.087559
-0.053318
-0.040303
-0.005537
0.017877
0.027166
0.024117
0.048253
0.033426
0.040766
0.052890
0.059830
0.059025
0.062976
0.068196
0.068900
0.071071
0.073879
0.077737
0.081272
0.086447
0.090656
0.094707
0.094151
0.098642
0.094137
0.096684
0.091843
0.081842
0.080069
0.062593
0.046139
0.031588
0.021685
-0.011161
-0.030069
-0.050941
-0.061129
-0.081299
-0.100223
-0.115276
-0.131174
-0.145187
-0.156406
-0.167033
-0.174238
-0.171499
-0.172298
-0.167499
-0.164276
-0.158256
-0.148757
-0.137454
-0.121935
-0.105416
-0.089019
-0.071367
-0.050684
-0.031028
-0.011020
0.009010
0.034023
0.055808
0.069522
0.105085
0.131593
0.148247
0.167367
0.186063
0.207930
0.231901
0.251074
0.248421
0.250972
0.253895
0.228856
0.216768
0.205971
0.169015
0.135236
0.105182
0.077648
0.026027
0.000064
-0.039554
-0.059152
-0.091508
-0.109967
-0.122834
-0.133164
-0.137118
-0.130247
-0.121624
-0.118334
-0.105761
-0.092369
-0.079187
-0.066689
-0.065200
-0.065114
-0.053576
-0.043643
-0.058949
-0.035543
-0.029544
-0.005361
0.011019
0.025513
0.054939
0.079922
0.109298
0.115827
0.110201
0.094312
0.068412
0.040866
0.005584
-0.033814
-0.050286
-0.053007
-0.062321
-0.048351
-0.025319
0.001133
0.007433
0.010748
0.021173
0.003192
-0.005849
-0.039511
-0.073100
-0.110739
-0.119324
-0.159075
-0.176540
-0.180005
-0.179535
-0.167791
-0.153995
-0.135336
-0.115622
-0.095454
-0.074730
-0.058890
-0.045644
-0.037902
-0.035119
-0.030601
-0.036789
-0.043809
-0.053535
-0.066514
-0.080004
-0.092317
-0.105141
-0.117528
-0.131061
-0.141021
-0.151194
-0.161032
-0.165421
-0.173595
-0.175301
-0.178397
-0.179682
-0.179372
-0.178530
-0.176324
-0.172926
-0.168654
-0.164025
-0.159258
-0.155688
-0.152867
-0.151875
-0.156104
-0.164613
-0.178502
-0.186118
-0.203272
-0.220036
-0.235696
-0.245460
-0.250543
-0.249690
-0.244069
-0.231711
-0.212925
-0.190438
-0.168280
-0.145102
-0.121948
-0.099605
-0.077318
-0.056587
-0.035773
-0.016622
-0.002074
0.013948
0.030460
0.040264
0.048280
0.055262
0.062388
0.067948
0.071540
0.074369
0.079072
0.081466
0.082803
0.082277
0.079845
0.077937
0.079180
0.079870
0.077823
0.079142
0.083699
0.086563
0.090576
0.095342
0.103767
0.111977
0.118938
0.127753
0.136887
0.148769
0.163879
0.179225
0.191534
0.207502
0.220452
0.234624
0.248011
0.258169
0.273582
0.284021
0.304327
0.304723
0.320360
0.318329
0.337462
0.333649
0.344714
0.351264
0.355021
0.360535
0.349552
0.363959
0.372366
0.376499
0.379904
0.383031
0.390644
0.395538
0.397711
0.397267
0.395180
0.391153
0.381977
0.370791
0.358147
0.347004
0.331178
0.317283
0.305648
0.290203
0.275592
0.265343
0.255606
0.252823
0.236387
0.239294
0.234884
0.248892
0.244913
0.252239
0.235873
0.222694
0.222025
0.191560
0.166597
0.124714
0.079233
0.024543
-0.049244
-0.110749
-0.180963
-0.233753
-0.283764
-0.333876
-0.363428
-0.396535
-0.384299
-0.389485
-0.386219
-0.389258
-0.354460
-0.337361
-0.316109
-0.293482
-0.277063
-0.256648
-0.241860
-0.235126
-0.223516
-0.210894
-0.201996
-0.194801
-0.186822
-0.184531
-0.174503
-0.172579
-0.169452
-0.166873
-0.163844
-0.157898
-0.154643
-0.149510
-0.146510
-0.143082
-0.140362
-0.137923
-0.135828
-0.132318
-0.130700
-0.128519
-0.127175
-0.121700
-0.120302
-0.119244
-0.119434
-0.119202
-0.120618
-0.118724
-0.121434
-0.123390
-0.123610
-0.125740
-0.128256
-0.131529
-0.129952
-0.131121
-0.129913
-0.130993
-0.130005
-0.131898
-0.131771
-0.132764
-0.132081
-0.130870
-0.129060
-0.122607
-0.117162
-0.112113
-0.105466
-0.097081
-0.087994
-0.077473
-0.065140
-0.050229
-0.036130
-0.021663
-0.008175
0.006442
0.018838
0.037586
0.051244
0.072561
0.084792
0.095502
0.108049
0.116196
0.122361
0.130958
0.139883
0.142981
0.149786
0.160286
0.162895
0.161371
0.159067
0.166592
0.165163
0.148793
0.148910
0.134975
0.113945
0.094406
0.072573
0.038613
0.031320
0.005798
-0.013726
-0.018749
-0.028152
-0.044523
-0.046830
-0.047455
-0.049742
-0.045056
-0.046173
-0.041355
-0.042324
-0.043277
-0.042226
-0.050865
-0.061338
-0.053737
-0.057641
-0.066111
-0.074093
-0.082216
-0.090526
-0.092383
-0.101177
-0.108999
-0.116960
-0.130526
-0.145653
-0.164815
-0.187640
-0.212798
-0.240139
-0.273682
-0.308512
-0.344099
-0.369574
-0.396489
-0.418228
-0.432270
-0.436639
-0.433731
-0.416781
-0.400274
-0.377754
-0.353042
-0.318590
-0.286362
-0.253997
-0.220513
-0.184802
-0.150961
-0.117151
-0.075906
-0.043487
-0.010834
0.020409
0.050905
0.080942
0.106003
0.124493
0.142630
0.159491
0.171123
0.170260
0.194509
0.181842
0.193427
0.202177
0.207594
0.218112
0.217172
0.230081
0.237825
0.250375
0.243449
0.242127
0.233430
0.220658
0.202265
0.178867
0.148619
0.115167
0.084889
0.057863
0.027291
0.001345
-0.015066
-0.029616
-0.037047
-0.036112
-0.030034
-0.019354
-0.004680
0.017167
0.034811
0.049244
0.062934
0.075655
0.079129
0.079609
0.083668
0.090490
0.082334
0.060073
0.058192
0.041910
0.033841
0.036748
0.040151
0.030399
0.034089
0.041660
0.050005
0.046172
0.056320
0.065084
0.075021
0.085447
0.093292
0.104716
0.114452
0.127311
0.139569
0.151693
0.163003
0.177111
0.184459
0.192392
0.193317
0.194121
0.186936
0.177346
0.164293
0.152246
0.136838
0.123909
0.112323
0.103888
0.094789
0.087332
0.081515
0.072269
0.062489
0.048278
0.032509
0.015781
0.004675
-0.004136
0.000810
0.000814
0.024880
0.037688
0.075417
0.113061
0.161367
0.198135
0.236717
0.285924
0.309420
0.341237
0.361966
0.376150
0.379187
0.379603
0.366002
0.347592
0.322164
0.293614
0.265824
0.238785
0.218686
0.202875
0.199721
0.200273
0.203417
0.212252
0.223695
0.234844
0.232198
0.246496
0.237998
0.228363
0.215487
0.203834
0.191899
0.182420
0.166095
0.153745
0.129035
0.127714
0.117216
0.112520
0.106669
0.106974
0.115592
0.125350
0.132434
0.133887
0.140316
0.160689
0.178008
0.177528
0.198290
0.212057
0.214466
0.238020
0.247986
0.273684
0.268931
0.264080
0.276439
0.256462
0.247493
0.220274
0.172539
0.123633
0.077157
0.026685
-0.032501
-0.080760
-0.118659
-0.147861
-0.186983
-0.207894
-0.235446
-0.235952
-0.254463
-0.270311
-0.288830
-0.298433
-0.308870
-0.320690
-0.335497
-0.356600
-0.361609
-0.361680
-0.369626
-0.370116
-0.380720
-0.374409
-0.369883
-0.366075
-0.360899
-0.356306
-0.349843
-0.347609
-0.343671
-0.342976
-0.338304
-0.340517
-0.342514
-0.344094
-0.340057
-0.331389
-0.324321
-0.324700
-0.315224
-0.312733
-0.292614
-0.290760
-0.281757
-0.274929
-0.273949
-0.269336
-0.271067
-0.266161
-0.266535
-0.266704
-0.263435
-0.257920
-0.254127
-0.247585
-0.235629
-0.218972
-0.201230
-0.178722
-0.156137
-0.130373
-0.103972
-0.088938
-0.052686
-0.031293
-0.009832
0.017290
0.022612
0.045186
0.071724
0.091091
0.091338
0.109766
0.114366
0.119364
0.123890
0.131505
0.124446
0.135164
0.132223
0.144354
0.134240
0.141856
0.135118
0.133099
0.135676
0.121883
0.118509
0.117370
0.106844
0.110803
0.102922
0.093904
0.099033
0.097658
0.099697
0.090477
0.088104
0.094257
0.086770
0.082331
0.078136
0.076942
0.072257
0.066545
0.060274
0.055685
0.044727
0.034648
0.030304
0.028618
0.027147
0.024145
0.020770
0.017925
0.024366
0.030400
0.041489
0.050886
0.060091
0.071247
0.083720
0.097258
0.109753
0.119322
0.120571
0.113822
0.099660
0.069099
0.031621
-0.016497
-0.065590
-0.109624
-0.145013
-0.181083
-0.196242
-0.199903
-0.185042
-0.154463
-0.117287
-0.098543
-0.046464
-0.012645
0.016414
0.042960
0.059389
0.066202
0.072761
0.081290
0.082301
0.080638
0.076357
0.077469
0.081826
0.080969
0.096045
0.113102
0.132392
0.121672
0.155946
0.152575
0.149788
0.169961
0.163290
0.172248
0.176432
0.175122
0.173478
0.175164
0.160065
0.164698
0.148941
0.146691
0.128093
0.139288
0.127811
0.120201
0.131454
0.126152
0.125686
0.133179
0.140444
0.148317
0.155568
0.164786
0.173676
0.182837
0.198101
0.207857
0.217333
0.226314
0.236302
0.241971
0.242520
0.239750
0.232608
0.227324
0.215641
0.203131
0.191295
0.173875
0.163397
0.148220
0.139637
0.121775
0.112688
0.103844
0.089387
0.085572
0.087422
0.069796
0.053874
0.042137
0.031284
0.007973
-0.004247
-0.029468
-0.051716
-0.081071
-0.095789
-0.128245
-0.137227
-0.165818
-0.186046
-0.203260
-0.219410
-0.230401
-0.236682
-0.250989
-0.256360
-0.250823
-0.244262
-0.236973
-0.217635
-0.203421
-0.193783
-0.184191
-0.169457
-0.155770
-0.141755
-0.131963
-0.122834
-0.104308
-0.102289
-0.096804
-0.097116
-0.096048
-0.102586
-0.097566
-0.115762
-0.116864
-0.138287
-0.133087
-0.138510
-0.147414
-0.153908
-0.163378
-0.172470
-0.178838
-0.185841
-0.192332
-0.197603
-0.199210
-0.197607
-0.196324
-0.186727
-0.183076
-0.169902
-0.164437
-0.158437
-0.145174
-0.134718
-0.109537
-0.096454
-0.091564
-0.059722
-0.041198
-0.035042
-0.016907
-0.006671
-0.006129
-0.002597
-0.004305
0.007467
-0.000521
-0.015110
-0.014371
-0.015337
-0.028401
-0.017688
-0.020742
-0.024957
-0.022237
-0.014942
-0.010780
-0.002308
0.004879
0.014042
0.024046
0.031805
0.042912
0.046663
0.048222
0.048827
0.047045
0.043950
0.041709
0.038135
0.036118
0.035940
0.033174
0.036144
0.032428
0.041653
0.048679
0.056158
0.058573
0.076442
0.082473
0.099548
0.116151
0.123031
0.134359
0.144319
0.152735
0.159883
0.157021
0.163830
0.169685
0.161142
0.157727
0.149842
0.141407
0.134266
0.120531
0.106182
0.092835
0.077904
0.065149
0.050578
0.037298
0.022744
0.007284
-0.004106
-0.017018
-0.027215
-0.041508
-0.053710
-0.062887
-0.069951
-0.076736
-0.079306
-0.077935
-0.073082
-0.064559
-0.052315
-0.038371
-0.019813
0.000329
0.019194
0.039911
0.058206
0.077674
0.098849
0.116162
0.134028
0.146571
0.156969
0.165082
0.173020
0.177421
0.177168
0.164524
0.146433
0.122028
0.097694
0.064866
0.032448
-0.002357
-0.033599
-0.056999
-0.074980
-0.086868
-0.095192
-0.099213
-0.098022
-0.094852
-0.091480
-0.084644
-0.076330
-0.072484
-0.066958
-0.063595
-0.057021
-0.053644
-0.046195
-0.042450
-0.038628
-0.036841
-0.036203
-0.034620
-0.041455
-0.055166
-0.068870
-0.097633
-0.114573
-0.136161
-0.157910
-0.183298
-0.201418
-0.210327
-0.222603
-0.212142
-0.204628
-0.195556
-0.178552
-0.157487
-0.130677
-0.098887
-0.074785
-0.044895
-0.007581
0.005536
0.043298
0.074426
0.107928
0.135507
0.166380
0.199264
0.224368
0.252105
0.275284
0.299450
0.314430
0.322674
0.337502
0.347920
0.334569
0.337723
0.331836
0.314822
0.286430
0.262366
0.231569
0.193974
0.157181
0.119900
0.084596
0.050641
0.019992
-0.008323
-0.035333
-0.059413
-0.083403
-0.106442
-0.134164
-0.165661
-0.203454
-0.245210
-0.289451
-0.330264
-0.372087
-0.404789
-0.430804
-0.446005
-0.454361
-0.452938
-0.440986
-0.420648
-0.398715
-0.373614
-0.342953
-0.319030
-0.294641
-0.273382
-0.247875
-0.224832
-0.208731
-0.194416
-0.183932
-0.171524
-0.155692
-0.146081
-0.129603
-0.122145
-0.112632
-0.095663
-0.082821
-0.074607
-0.064935
-0.055229
-0.046163
-0.035178
-0.021562
-0.011309
0.001580
0.015630
0.028161
0.040541
0.061914
0.079270
0.104086
0.131071
0.157839
0.182451
0.205557
0.241488
0.274230
0.301800
0.323537
0.346677
0.360916
0.365301
0.366113
0.350664
0.329575
0.293905
0.262128
0.216902
0.176401
0.134034
0.089849
0.052444
0.017305
-0.015392
-0.038891
-0.063032
-0.083272
-0.101785
-0.118193
-0.137167
-0.143806
-0.167169
-0.177737
-0.199229
-0.196222
-0.200066
-0.202427
-0.223410
-0.221431
-0.222460
-0.214836
-0.212590
-0.206199
-0.194428
-0.181388
-0.167382
-0.150099
-0.131891
-0.116158
-0.099879
-0.083428
-0.068664
-0.050784
-0.031885
-0.020057
-0.005868
0.004260
0.015247
0.023069
0.030451
0.038794
0.043348
0.050969
0.054827
0.059842
0.061675
0.063351
0.068367
0.073916
0.073404
0.074544
0.072611
0.070478
0.068749
0.067791
0.064828
0.062563
0.054874
0.057785
0.052350
0.055200
0.042644
0.036275
0.035511
0.022649
0.010938
0.002803
-0.001833
-0.012719
-0.018960
-0.027155
-0.031888
-0.035002
-0.045313
-0.055469
-0.047594
-0.048124
-0.043394
-0.031008
-0.034937
-0.027344
-0.021248
0.002456
0.001428
0.024208
0.040457
0.052361
0.063442
0.073934
0.075898
0.088208
0.104551
0.107422
0.105062
0.095143
0.095683
0.090458
0.086709
0.083530
0.070398
0.069376
0.052974
0.060974
0.050208
0.051349
0.052001
0.034483
0.031118
0.023073
0.023611
-0.003495
-0.026062
-0.050638
-0.076639
-0.106988
-0.134858
-0.165304
-0.190650
-0.218664
-0.243064
-0.259327
-0.273589
-0.283609
-0.284125
-0.280811
-0.264234
-0.256873
-0.240805
-0.223090
-0.192631
-0.184769
-0.157153
-0.120987
-0.107561
-0.083217
-0.074022
-0.049389
-0.042899
-0.032758
-0.025603
-0.021940
-0.020071
-0.025959
-0.030438
-0.047049
-0.062615
-0.086096
-0.110909
-0.136104
-0.162223
-0.183900
-0.203863
-0.218849
-0.230219
-0.235904
-0.236842
-0.229608
-0.218746
-0.202508
-0.182623
-0.158646
-0.130884
-0.094835
-0.064522
-0.033798
-0.004220
0.024205
0.048349
0.071123
0.097339
0.116254
0.131301
0.153340
0.163993
0.181315
0.184240
0.206751
0.205308
0.207074
0.211446
0.219632
0.219535
0.228430
0.220448
0.214073
0.228456
0.234743
0.231416
0.228857
0.242545
0.260079
0.261304
0.278922
0.288894
0.290342
0.282556
0.280903
0.269890
0.245801
0.211066
0.169937
0.122962
0.089237
0.051820
0.025001
0.005863
-0.001173
0.006408
0.023677
0.038743
0.077952
0.127630
0.139883
0.189947
0.226646
0.250998
0.277828
0.315353
0.355404
0.382740
0.414027
0.445915
0.480164
0.521119
0.559643
0.601763
0.639294
0.671646
0.693797
0.704605
0.701435
0.683742
0.651041
0.611321
0.563719
0.514647
0.469208
0.431550
0.397468
0.366973
0.341340
0.312127
0.287936
0.257200
0.224218
0.180444
0.146855
0.112276
0.081787
0.036559
0.003489
-0.026485
-0.050897
-0.059123
-0.072579
-0.083071
-0.090400
-0.090732
-0.080129
-0.094966
-0.080475
-0.080027
-0.065964
-0.068993
-0.063840
-0.056490
-0.060980
-0.058428
-0.054182
-0.073390
-0.087788
-0.106050
-0.122579
-0.140272
-0.156028
-0.172579
-0.184411
-0.200536
-0.213339
-0.220459
-0.226600
-0.231894
-0.232729
-0.230837
-0.230179
-0.226273
-0.223602
-0.227794
-0.236182
-0.247294
-0.261100
-0.278789
-0.299154
-0.317389
-0.339753
-0.361765
-0.385349
-0.410090
-0.435221
-0.457496
-0.482967
-0.507333
-0.534449
-0.553924
-0.563411
-0.568838
-0.562492
-0.545071
-0.511040
-0.473043
-0.427581
-0.376078
-0.324773
-0.270821
-0.215954
-0.159451
-0.100176
-0.049034
-0.000461
0.046327
0.093618
0.133640
0.164444
0.192508
0.212818
0.226998
0.234435
0.237047
0.231619
0.219018
0.208894
0.188829
0.166725
0.140640
0.114849
0.092071
0.061824
0.044838
0.017414
0.006819
-0.011517
-0.034822
-0.049426
-0.066914
-0.079657
-0.082612
-0.099964
-0.104544
-0.111214
-0.121044
-0.118924
-0.108266
-0.116090
-0.104665
-0.109022
-0.094033
-0.091103
-0.072745
-0.065315
-0.057259
-0.050953
-0.049362
-0.037781
-0.013631
-0.008653
0.001869
0.011572
0.030614
0.036495
0.044234
0.047889
0.060550
0.062321
0.058960
0.058477
0.054308
0.044660
0.033550
0.017345
0.008737
-0.009670
-0.039204
-0.042477
-0.053425
-0.060408
-0.063343
-0.059258
-0.049193
-0.031526
-0.013610
0.002687
0.016105
0.021394
0.018556
0.010348
-0.008222
-0.027297
-0.045859
-0.062478
-0.071801
-0.069622
-0.063152
-0.041704
-0.013229
0.018209
0.052564
0.094258
0.128615
0.163113
0.197391
0.224333
0.248608
0.276767
0.294275
0.308890
0.325028
0.337920
0.350118
0.360354
0.365160
0.366932
0.363770
0.359809
0.346760
0.329420
0.307660
0.289021
0.262088
0.234606
0.206983
0.176916
0.147762
0.121528
0.098467
0.078061
0.063461
0.053945
0.045400
0.040030
0.036919
0.034972
0.033654
0.034685
0.029458
0.022508
0.010935
0.000879
-0.016340
-0.033650
-0.057701
-0.080909
-0.104145
-0.120138
-0.139151
-0.159928
-0.175348
-0.182470
-0.192301
-0.196283
-0.197836
-0.196075
-0.189602
-0.183554
-0.175696
-0.160258
-0.148043
-0.131999
-0.114745
-0.096433
-0.075503
-0.055030
-0.028132
0.002891
0.024164
0.049004
0.092508
0.118053
0.138977
0.149109
0.171170
0.171859
0.177550
0.167684
0.168508
0.153279
0.138573
0.114141
0.084775
0.062170
0.043971
0.030295
0.012212
0.004509
0.011652
0.011709
0.041895
0.060945
0.094496
0.103141
0.099200
0.099653
0.088892
0.058036
0.020457
-0.020994
-0.061361
-0.116918
-0.148047
-0.183149
-0.204735
-0.203520
-0.213856
-0.226282
-0.225657
-0.219415
-0.209947
-0.207275
-0.203637
-0.201965
-0.189544
-0.182631
-0.175116
-0.173966
-0.174593
-0.164820
-0.157256
-0.143838
-0.131109
-0.115375
-0.103214
-0.088823
-0.073914
-0.060368
-0.047245
-0.032783
-0.018464
-0.011757
0.002258
0.003539
0.000872
-0.006278
-0.011533
-0.021398
-0.033619
-0.046442
-0.059500
-0.061292
-0.062158
-0.050787
-0.036238
-0.015893
0.007415
0.033265
0.057885
0.082000
0.096963
0.103819
0.104601
0.092251
0.077589
0.043727
0.002171
-0.041555
-0.068119
-0.101696
-0.145467
-0.173576
-0.200246
-0.215486
-0.236282
-0.239658
-0.222315
-0.211759
-0.193913
-0.179073
-0.164762
-0.149294
-0.129500
-0.135762
-0.140305
-0.133164
-0.140189
-0.145489
-0.162893
-0.182021
-0.202584
-0.210920
-0.240890
-0.250239
-0.275078
-0.295156
-0.294712
-0.294563
-0.298083
-0.286874
-0.271192
-0.255233
-0.234676
-0.196157
-0.167339
-0.126684
-0.076756
-0.034164
-0.006391
0.024737
0.042434
0.040754
0.029337
-0.013386
-0.074005
-0.127690
-0.191062
-0.268923
-0.324708
-0.377789
-0.417156
-0.437817
-0.437695
-0.424778
-0.404094
-0.347839
-0.318792
-0.275929
-0.221248
-0.180306
-0.129882
-0.081693
-0.040518
-0.008515
0.025575
0.057227
0.059998
0.066261
0.049702
0.019246
-0.007405
-0.051071
-0.077708
-0.115067
-0.132053
-0.139167
-0.130421
-0.109911
-0.087873
-0.043251
-0.007591
0.024814
0.064419
0.105411
0.141257
0.173586
0.200613
0.238915
0.243462
0.254543
0.265727
0.270676
0.275405
0.249596
0.228468
0.206946
0.175402
0.130757
0.096242
0.058942
0.023914
-0.007067
-0.035436
-0.054028
-0.063759
-0.071629
-0.074447
-0.064674
-0.054446
-0.035306
-0.013311
0.011938
0.041927
0.073320
0.106497
0.142561
0.176274
0.208651
0.242799
0.274524
0.297326
0.313253
0.323421
0.329533
0.328263
0.318945
0.310403
0.304269
0.285802
0.281060
0.269136
0.265823
0.258213
0.253611
0.252151
0.254282
0.277895
0.285528
0.289839
0.302487
0.319752
0.319041
0.321094
0.312703
0.294681
0.263148
0.223883
0.164348
0.094274
0.017213
-0.063639
-0.141143
-0.215269
-0.280674
-0.336380
-0.381107
-0.413894
-0.439607
-0.457832
-0.472275
-0.483775
-0.493443
-0.500299
-0.506757
-0.510019
-0.505567
-0.503541
-0.488718
-0.476975
-0.460244
-0.438729
-0.411469
-0.380140
-0.347392
-0.314517
-0.285201
-0.260692
-0.242297
-0.232869
-0.232197
-0.238062
-0.251891
-0.269865
-0.286828
-0.304322
-0.309391
-0.306308
-0.309258
-0.304440
-0.295572
-0.273280
-0.256669
-0.234353
-0.211986
-0.190931
-0.165624
-0.142096
-0.116441
-0.090254
-0.054301
-0.023711
0.003533
0.032815
0.058973
0.083749
0.104171
0.122777
0.133485
0.140568
0.139188
0.137047
0.132307
0.119367
0.105217
0.091289
0.079630
0.066203
0.058622
0.051406
0.046436
0.046692
0.044709
0.038378
0.039282
0.042905
0.025662
0.012985
0.005203
0.008773
-0.002546
0.001256
0.007704
0.026047
0.049929
0.065655
0.087042
0.106169
0.120728
0.129589
0.131059
0.140259
0.138758
0.135037
0.127325
0.122707
0.112519
0.095664
0.079310
0.083960
0.064181
0.050234
0.037203
0.024252
0.012482
0.002021
-0.007070
-0.013941
-0.020442
-0.025802
-0.030221
-0.032211
-0.035269
-0.038152
-0.040539
-0.041555
-0.044236
-0.046613
-0.051433
-0.054390
-0.058643
-0.061133
-0.066208
-0.077416
-0.075671
-0.078407
-0.083447
-0.075475
-0.071560
-0.069506
-0.061196
-0.034803
-0.038090
-0.015771
-0.001468
0.012096
0.030863
0.053117
0.069939
0.074832
0.097835
0.112935
0.123056
0.129106
0.132222
0.133256
0.132630
0.131616
0.131646
0.129277
0.127426
0.126297
0.127143
0.113177
0.119897
0.116263
0.126296
0.106687
0.097421
0.086027
0.067267
0.071379
0.055983
0.053990
0.039042
0.041372
0.037766
0.041330
0.047102
0.050582
0.052415
0.054933
0.054741
0.054255
0.055196
0.051733
0.049955
0.047026
0.045345
0.042188
0.037832
0.034355
0.032819
0.030844
0.038263
0.040155
0.044771
0.049054
0.054433
0.060881
0.074711
0.087735
0.102189
0.119732
0.140554
0.161644
0.184432
0.195029
0.220717
0.248762
0.247092
0.256526
0.235342
0.208700
0.165874
0.126960
0.069404
0.022698
-0.031815
-0.085992
-0.104875
-0.133766
-0.148677
-0.146136
-0.131055
-0.116471
-0.101830
-0.082197
-0.066201
-0.051262
-0.038061
-0.037541
-0.033229
-0.038339
-0.039927
-0.054778
-0.066733
-0.077029
-0.087112
-0.095697
-0.096820
-0.100403
-0.103402
-0.105374
-0.103854
-0.099160
-0.091389
-0.084723
-0.076236
-0.067380
-0.057210
-0.049295
-0.043319
-0.023387
-0.001911
0.011694
0.032258
0.052484
0.095142
0.128310
0.158058
0.196899
0.230141
0.258779
0.275159
0.261038
0.253841
0.223384
0.201905
0.159407
0.129918
0.085531
0.071768
0.067003
0.047887
0.040965
0.032311
0.022254
0.004119
-0.017150
-0.046403
-0.076199
-0.104801
-0.126572
-0.141369
-0.152682
-0.162005
-0.150370
-0.143030
-0.134738
-0.115930
-0.075087
-0.055162
-0.027250
-0.004303
0.002543
0.030737
0.030030
0.037270
0.033546
0.030451
0.018047
0.007114
-0.000492
-0.001967
0.003997
0.016586
0.029196
0.044175
0.061855
0.082714
0.100383
0.114267
0.125630
0.131890
0.134557
0.136901
0.133598
0.136715
0.126533
0.117249
0.105891
0.098445
0.090743
0.080949
0.074065
0.066874
0.063412
0.059027
0.054421
0.056850
0.056463
0.058069
0.063824
0.070483
0.080323
0.090866
0.105656
0.118184
0.133906
0.146485
0.160672
0.171071
0.179804
0.195579
0.205878
0.208634
0.228223
0.229826
0.231058
0.238197
0.240273
0.241234
0.236735
0.232489
0.230306
0.223225
0.215687
0.206802
0.198319
0.184281
0.169423
0.149141
0.127874
0.106508
0.081708
0.059755
0.040368
0.018236
0.004313
-0.016091
-0.033467
-0.051801
-0.069441
-0.072894
-0.083505
-0.075226
-0.076988
-0.074330
-0.069655
-0.063164
-0.054558
-0.041766
-0.024364
-0.010559
0.004888
0.022329
0.037925
0.048875
0.075849
0.087103
0.087526
0.108248
0.114045
0.099157
0.100588
0.095758
0.083583
0.077989
0.091513
0.083196
0.093945
0.107269
0.121894
0.148631
0.190587
0.215783
0.260130
0.282411
0.300547
0.308166
0.316182
0.312469
0.290514
0.262895
0.224842
0.177829
0.122578
0.068018
0.009660
-0.047624
-0.095441
-0.143218
-0.180684
-0.187963
-0.211507
-0.228482
-0.218285
-0.208940
-0.197871
-0.157167
-0.140282
-0.097212
-0.062815
-0.036719
-0.007446
0.016875
0.050964
0.081235
0.114262
0.129434
0.150542
0.164693
0.154562
0.147339
0.136972
0.114947
0.091178
0.068636
0.039894
0.008572
-0.018554
-0.040577
-0.053781
-0.058808
-0.043973
-0.016148
0.013940
0.053854
0.104447
0.161270
0.219002
0.276528
0.332820
0.380152
0.418133
0.444465
0.463595
0.456331
0.431824
0.388274
0.325281
0.252407
0.165514
0.089654
-0.006708
-0.079017
-0.152195
-0.210378
-0.257351
-0.282889
-0.300478
-0.291262
-0.277127
-0.260631
-0.233608
-0.204197
-0.171620
-0.136183
-0.101302
-0.062662
-0.027837
-0.002560
0.020801
0.040774
0.057177
0.070654
0.085471
0.090303
0.094026
0.092317
0.090584
0.088575
0.083610
0.070976
0.058058
0.044510
0.031190
0.014937
-0.002029
-0.018112
-0.035770
-0.054522
-0.073639
-0.078349
-0.110766
-0.132258
-0.133443
-0.155965
-0.179340
-0.181604
-0.197491
-0.197442
-0.212942
-0.206789
-0.213265
-0.214775
-0.211414
-0.211893
-0.209981
-0.210696
-0.207538
-0.211013
-0.212367
-0.212749
-0.214950
-0.215282
-0.216120
-0.213393
-0.213993
-0.211746
-0.214187
-0.220540
-0.227991
-0.243880
-0.259532
-0.284425
-0.312092
-0.340536
-0.367599
-0.387658
-0.412012
-0.418177
-0.427811
-0.427251
-0.410729
-0.408691
-0.387128
-0.361292
-0.346605
-0.327003
-0.299550
-0.270993
-0.236185
-0.217086
-0.169148
-0.143315
-0.105374
-0.078378
-0.050154
-0.020328
0.000542
0.031603
0.038800
0.060755
0.051899
0.063051
0.036248
0.024335
0.001433
-0.025312
-0.048852
-0.079910
-0.104461
-0.111864
-0.137683
-0.149432
-0.156132
-0.162772
-0.168574
-0.172876
-0.173293
-0.175990
-0.177239
-0.178488
-0.175521
-0.174423
-0.171798
-0.166735
-0.163181
-0.157256
-0.149885
-0.140386
-0.129739
-0.116824
-0.102064
-0.085441
-0.062358
-0.042772
-0.018569
0.009386
0.033935
0.056445
0.081655
0.105276
0.131275
0.152391
0.174105
0.197865
0.212758
0.226573
0.237213
0.242583
0.249856
0.257794
0.235730
0.234545
0.227860
0.226970
0.200735
0.203146
0.186051
0.190327
0.185793
0.171966
0.164596
0.163707
0.174121
0.170436
0.188683
0.197515
0.209171
0.220669
0.228823
0.230430
0.231152
0.223590
0.211111
0.191706
0.167611
0.138770
0.109286
0.074035
0.037400
0.001363
-0.031643
-0.071196
-0.109535
-0.143959
-0.177295
-0.204304
-0.224955
-0.242901
-0.254128
-0.256061
-0.253243
-0.241986
-0.215808
-0.191884
-0.164123
-0.128056
-0.096325
-0.061297
-0.020223
0.019219
0.061776
0.099868
0.140259
0.183621
0.215982
0.250175
0.288677
0.313327
0.346718
0.373895
0.378346
0.402311
0.392975
0.388700
0.380227
0.368051
0.346842
0.320429
0.285826
0.230791
0.202864
0.140897
0.090447
0.030235
-0.018322
-0.063707
-0.118685
-0.157650
-0.181129
-0.199872
-0.217745
-0.222356
-0.228176
-0.218337
-0.213359
-0.198930
-0.183788
-0.169246
-0.149404
-0.135059
-0.127775
-0.106320
-0.101496
-0.086516
-0.077745
-0.076520
-0.071574
-0.057686
-0.055633
-0.053054
-0.053832
-0.049693
-0.048171
-0.039868
-0.026929
-0.032776
-0.021496
-0.024407
-0.017178
-0.005863
-0.010140
-0.006234
0.009511
-0.006475
0.002070
0.000921
-0.001543
-0.010236
-0.018188
-0.024848
-0.021924
-0.036693
-0.047486
-0.072429
-0.084031
-0.099206
-0.117861
-0.120361
-0.140183
-0.160337
-0.165927
-0.173070
-0.178734
-0.180494
-0.183748
-0.173667
-0.176799
-0.162392
-0.150881
-0.148272
-0.133010
-0.124588
-0.124888
-0.126822
-0.128966
-0.123410
-0.135726
-0.149873
-0.156207
-0.156475
-0.161373
-0.158956
-0.153759
-0.144956
-0.126624
-0.096773
-0.081941
-0.040166
-0.015425
0.014865
0.032847
0.071872
0.096220
0.111910
0.138978
0.161102
0.188508
0.205976
0.221033
0.233806
0.238593
0.241195
0.229145
0.218045
0.194328
0.166760
0.137632
0.095355
0.044186
0.007085
-0.051789
-0.075310
-0.105506
-0.133630
-0.151066
-0.165599
-0.173532
-0.179467
-0.182050
-0.182705
-0.183679
-0.186084
-0.189475
-0.194789
-0.201763
-0.209325
-0.216945
-0.224111
-0.227770
-0.233384
-0.235506
-0.233207
-0.233708
-0.234952
-0.234190
-0.232681
-0.218916
-0.208391
-0.191173
-0.174107
-0.149462
-0.121708
-0.090385
-0.048042
-0.010215
0.027612
0.061384
0.091044
0.108836
0.117076
0.115806
0.103279
0.082022
0.053627
0.018860
-0.014645
-0.044696
-0.068122
-0.084191
-0.093278
-0.095109
-0.090325
-0.073450
-0.049478
-0.024081
0.006414
0.041487
0.082594
0.135140
0.187157
0.247859
0.300074
0.354989
0.402638
0.443181
0.473028
0.490310
0.486795
0.465769
0.426648
0.370044
0.293632
0.208095
0.120859
0.038901
-0.028644
-0.081141
-0.106662
-0.119752
-0.114577
-0.092408
-0.060165
-0.023172
0.017097
0.058111
0.093582
0.130431
0.158384
0.179020
0.197326
0.214528
0.220657
0.222381
0.221386
0.214969
0.205485
0.188324
0.165891
0.138967
0.107620
0.072119
0.036812
-0.005778
-0.045208
-0.089539
-0.132610
-0.166354
-0.207481
-0.236872
-0.258706
-0.277583
-0.294448
-0.288721
-0.304370
-0.309837
-0.291311
-0.276148
-0.271433
-0.245447
-0.231763
-0.197443
-0.180143
-0.158096
-0.149112
-0.128266
-0.103262
-0.089359
-0.080669
-0.076474
-0.076868
-0.087710
-0.106748
-0.131911
-0.160058
-0.191218
-0.225389
-0.253152
-0.277124
-0.293947
-0.301607
-0.294246
-0.279650
-0.254298
-0.217431
-0.176080
-0.129926
-0.082021
-0.033981
0.010869
0.055531
0.093467
0.125621
0.153772
0.177149
0.201085
0.211923
0.221850
0.226796
0.232182
0.228170
0.223298
0.214625
0.203876
0.194249
0.183581
0.170622
0.149650
0.130140
0.130825
0.113677
0.099649
0.096331
0.089505
0.083614
0.098298
0.096986
0.098533
0.099702
0.115846
0.129426
0.135748
0.139167
0.155919
0.173448
0.180846
0.192981
0.202264
0.210454
0.221492
0.228568
0.234185
0.235614
0.234842
0.236183
0.230947
0.225416
0.221161
0.207421
0.193359
0.177963
0.162212
0.144580
0.123749
0.105292
0.084443
0.064813
0.044754
0.025393
0.006893
-0.009411
-0.025738
-0.040951
-0.055036
-0.064921
-0.075029
-0.084926
-0.088623
-0.082152
-0.080294
-0.081906
-0.062148
-0.052567
-0.033303
-0.002116
0.018611
0.047327
0.062062
0.067841
0.061890
0.053116
0.025005
-0.006153
-0.017665
-0.053586
-0.061422
-0.068270
-0.051382
-0.042540
-0.017975
0.021800
0.061253
0.094240
0.122923
0.154974
0.171556
0.179618
0.179085
0.179782
0.169099
0.148857
0.113031
0.094114
0.047878
0.013429
-0.026553
-0.067515
-0.097281
-0.136047
-0.161853
-0.185661
-0.193638
-0.186719
-0.184499
-0.158646
-0.129153
-0.087210
-0.061770
-0.017109
0.025937
0.056035
0.092414
0.120610
0.148449
0.175285
0.193876
0.209006
0.210100
0.209264
0.204637
0.195608
0.181943
0.164105
0.144274
0.128412
0.106866
0.084677
0.059711
0.038044
0.016486
-0.002951
-0.020862
-0.036369
-0.048443
-0.057414
-0.063512
-0.069179
-0.071827
-0.066978
-0.064557
-0.062434
-0.058795
-0.053384
-0.054800
-0.051597
-0.042185
-0.031070
-0.024311
-0.022046
-0.017948
-0.012730
-0.008590
-0.008071
-0.012190
-0.014020
-0.015664
-0.016545
-0.019107
-0.022407
-0.023555
-0.026423
-0.027578
-0.031846
-0.035375
-0.030794
-0.029741
-0.026143
-0.016761
-0.002983
0.014961
0.035247
0.056415
0.078134
0.095362
0.103950
0.101982
0.086907
0.055990
0.010929
-0.041716
-0.100547
-0.156411
-0.208289
-0.249484
-0.277671
-0.294554
-0.299536
-0.289976
-0.277335
-0.258664
-0.229782
-0.200854
-0.171121
-0.139381
-0.105339
-0.062818
-0.029624
-0.001785
0.024782
0.049934
0.070785
0.083877
0.087651
0.089476
0.088141
0.077269
0.063119
0.038253
0.010885
-0.012104
-0.036366
-0.058991
-0.074923
-0.083845
-0.081958
-0.074780
-0.049650
-0.025479
0.008140
0.041860
0.071904
0.116580
0.166531
0.197290
0.225194
0.251556
0.268645
0.272349
0.280663
0.279597
0.292590
0.296517
0.287841
0.280592
0.283967
0.290248
0.291725
0.294588
0.299999
0.304349
0.308027
0.309968
0.309160
0.313102
0.296055
0.297377
0.277287
0.257068
0.221354
0.191389
0.165396
0.118244
0.089882
0.046479
0.003097
-0.024373
-0.068835
-0.101547
-0.135001
-0.157473
-0.176782
-0.206841
-0.214691
-0.226233
-0.221447
-0.229494
-0.218154
-0.196327
-0.198421
-0.178619
-0.159405
-0.149890
-0.127409
-0.114674
-0.103919
-0.080943
-0.076582
-0.060047
-0.050223
-0.034975
-0.022660
-0.012430
0.001641
0.017151
0.041591
0.063970
0.088817
0.118859
0.146146
0.171678
0.197121
0.211907
0.223329
0.223373
0.215290
0.203315
0.184414
0.163746
0.141357
0.117548
0.105084
0.093500
0.088347
0.090593
0.099803
0.111952
0.128611
0.144231
0.162220
0.171743
0.178216
0.182364
0.185274
0.183067
0.175973
0.171203
0.161787
0.159399
0.158247
0.137951
0.130723
0.116912
0.110400
0.103736
0.083293
0.085241
0.086782
0.077287
0.062442
0.053453
0.061371
0.046488
0.042956
0.042591
0.042224
0.042648
0.044704
0.049791
0.054528
0.059694
0.065017
0.073773
0.077119
0.073669
0.062516
0.044798
0.019525
-0.011669
-0.045839
-0.079999
-0.116874
-0.162738
-0.181505
-0.188618
-0.203265
-0.214754
-0.223341
-0.206974
-0.208262
-0.205316
-0.207932
-0.206230
-0.201927
-0.205372
-0.206422
-0.224364
-0.211991
-0.236437
-0.236166
-0.253718
-0.248495
-0.271582
-0.267137
-0.276189
-0.269210
-0.266355
-0.253422
-0.246755
-0.236787
-0.219098
-0.195100
-0.170806
-0.139836
-0.109193
-0.077158
-0.064213
-0.028217
-0.035265
-0.020263
-0.033432
-0.045180
-0.057880
-0.070033
-0.090489
-0.096243
-0.100876
-0.100506
-0.094442
-0.081779
-0.068845
-0.056892
-0.043343
-0.037402
-0.036259
-0.045853
-0.058949
-0.078668
-0.100037
-0.122590
-0.143513
-0.156442
-0.171907
-0.182976
-0.192760
-0.198716
-0.203470
-0.206335
-0.209235
-0.209667
-0.212550
-0.220248
-0.229309
-0.239385
-0.252159
-0.267068
-0.270964
-0.283672
-0.298598
-0.307850
-0.319511
-0.327394
-0.331213
-0.326837
-0.321905
-0.307972
-0.294960
-0.275346
-0.247722
-0.222751
-0.196308
-0.159015
-0.132116
-0.094905
-0.054159
-0.006416
0.039856
0.077852
0.125010
0.177343
0.208583
0.236716
0.244023
0.263911
0.257719
0.214415
0.176614
0.141426
0.088141
0.056016
0.020131
-0.000807
-0.031369
-0.028651
-0.027931
-0.022200
-0.038514
-0.040792
-0.056900
-0.076624
-0.098911
-0.112539
-0.118871
-0.117549
-0.112456
-0.081827
-0.046748
-0.017403
0.027814
0.057317
0.091481
0.119589
0.148417
0.155303
0.165255
0.169617
0.170678
0.165016
0.160767
0.169228
0.150736
0.138111
0.135694
0.130855
0.135950
0.138379
0.146331
0.166160
0.183775
0.204407
0.228472
0.255514
0.284906
0.318747
0.349464
0.380885
0.411218
0.435847
0.451393
0.458499
0.455445
0.448285
0.425983
0.398348
0.363914
0.319750
0.275395
0.228240
0.187016
0.151967
0.125787
0.108710
0.100351
0.098828
0.099070
0.106122
0.099357
0.085938
0.062984
0.033117
-0.007735
-0.054540
-0.105160
-0.155108
-0.199531
-0.239839
-0.262048
-0.283556
-0.293305
-0.293685
-0.285523
-0.269836
-0.250245
-0.227226
-0.206328
-0.178011
-0.161222
-0.147542
-0.135899
-0.127100
-0.115320
-0.103928
-0.096102
-0.094149
-0.087121
-0.082289
-0.075239
-0.070784
-0.066156
-0.062060
-0.061614
-0.065074
-0.073853
-0.084674
-0.107789
-0.138676
-0.174585
-0.217202
-0.264909
-0.315533
-0.366091
-0.412202
-0.453148
-0.485960
-0.509281
-0.521664
-0.524354
-0.515160
-0.502422
-0.475461
-0.447439
-0.420197
-0.387852
-0.357737
-0.325401
-0.292133
-0.266462
-0.233604
-0.223832
-0.179760
-0.156235
-0.129962
-0.098733
-0.089900
-0.061501
-0.040293
-0.017098
0.005121
0.022935
0.041681
0.056524
0.082322
0.099653
0.102026
0.127157
0.132234
0.139323
0.157206
0.175316
0.173802
0.178436
0.171040
0.156151
0.122068
0.096466
0.048962
-0.008545
-0.052047
-0.114466
-0.164022
-0.207157
-0.238035
-0.255789
-0.252658
-0.252360
-0.234562
-0.202004
-0.191438
-0.160239
-0.139575
-0.116062
-0.093271
-0.067508
-0.045429
-0.019187
0.002645
0.024558
0.044833
0.071706
0.093398
0.119591
0.143184
0.167119
0.190577
0.214299
0.239752
0.258361
0.274099
0.280422
0.297260
0.289188
0.276377
0.264178
0.247532
0.213984
0.176464
0.128522
0.084207
0.057799
0.023240
0.013894
-0.005844
-0.013335
-0.012705
-0.010800
-0.005763
0.006681
0.023997
0.043536
0.064232
0.085727
0.108656
0.129086
0.149773
0.170841
0.189911
0.207591
0.225499
0.234238
0.236839
0.233982
0.222724
0.206514
0.182895
0.160580
0.128589
0.112150
0.083082
0.085729
0.062546
0.050925
0.059863
0.051723
0.058623
0.058235
0.045487
0.056817
0.061723
0.051153
0.066519
0.066685
0.066831
0.065224
0.068131
0.072581
0.078085
0.091340
0.099850
0.109482
0.123669
0.142343
0.156467
0.173624
0.187616
0.203923
0.216697
0.227956
0.243459
0.251359
0.260275
0.262753
0.263690
0.258380
0.249590
0.239288
0.221185
0.202933
0.179798
0.156996
0.135939
0.119194
0.109456
0.115451
0.128260
0.153268
0.199028
0.245431
0.300162
0.365580
0.428280
0.489002
0.543510
0.591884
0.623645
0.635992
0.637328
0.615556
0.573367
0.525029
0.460859
0.391783
0.322584
0.256281
0.202774
0.153074
0.111407
0.067507
0.036645
0.007494
-0.006333
-0.038006
-0.049196
-0.052981
-0.063549
-0.065896
-0.074022
-0.067832
-0.076609
-0.089398
-0.107618
-0.139915
-0.181746
-0.225904
-0.282101
-0.336190
-0.394667
-0.440564
-0.481009
-0.508499
-0.522984
-0.524596
-0.516838
-0.503546
-0.480119
-0.466204
-0.452905
-0.438299
-0.433234
-0.431906
-0.434056
-0.428530
-0.439290
-0.446826
-0.459063
-0.465946
-0.475956
-0.484362
-0.489795
-0.489853
-0.490214
-0.487491
-0.474700
-0.466470
-0.453859
-0.442585
-0.427789
-0.417789
-0.410165
-0.401958
-0.399064
-0.397559
-0.398041
-0.399715
-0.401736
-0.400623
-0.396196
-0.386045
-0.371567
-0.353056
-0.332143
-0.307030
-0.284137
-0.254368
-0.229251
-0.210035
-0.195317
-0.174701
-0.158651
-0.145239
-0.128337
-0.134808
-0.116217
-0.123314
-0.109957
-0.110203
-0.106667
-0.094362
-0.116856
-0.114417
-0.093395
-0.085865
-0.083204
-0.070297
-0.070215
-0.055540
-0.053543
-0.050035
-0.032399
-0.012619
-0.003212
0.010047
0.021486
0.037217
0.050704
0.063609
0.078545
0.093651
0.108533
0.127121
0.143854
0.161299
0.177901
0.192014
0.203845
0.213242
0.214990
0.214709
0.207951
0.193284
0.171990
0.147693
0.122035
0.097287
0.073396
0.050754
0.032632
0.021051
0.015935
0.016558
0.021083
0.027136
0.035220
0.045267
0.054576
0.067761
0.075446
0.074001
0.083414
0.075686
0.078367
0.068418
0.075229
0.075306
0.058607
0.065089
0.050244
0.050203
0.039699
0.043067
0.038893
0.037628
0.034324
0.036501
0.036424
0.039361
0.050502
0.051368
0.057504
0.061941
0.074906
0.078158
0.082243
0.100734
0.109436
0.123291
0.128776
0.132860
0.135951
0.131239
0.124724
0.119526
0.110975
0.096698
0.084841
0.068705
0.053175
0.039258
0.030567
0.024035
0.021132
0.022144
0.027560
0.037163
0.049122
0.061492
0.074333
0.087272
0.109794
0.119694
0.125015
0.139882
0.130781
0.146373
0.146973
0.146402
0.138753
0.142337
0.128740
0.127208
0.128063
0.120783
0.121765
0.128801
0.135692
0.144266
0.162197
0.172405
0.183647
0.214462
0.230583
0.228395
0.237139
0.244383
0.248240
0.244478
0.232086
0.253942
0.252295
0.257543
0.264916
0.275274
0.287620
0.298379
0.308871
0.317985
0.328636
0.333233
0.340168
0.346389
0.351597
0.355502
0.346679
0.331330
0.304806
0.270886
0.229806
0.177363
0.123146
0.072237
0.031268
-0.010830
-0.032533
-0.055715
-0.052290
-0.071687
-0.058037
-0.051859
-0.037288
-0.036619
-0.020875
-0.011850
0.000754
0.010589
0.022662
0.029956
0.041422
0.048727
0.054946
0.060782
0.072689
0.078032
0.083591
0.094122
0.090788
0.114619
0.108603
0.115570
0.143233
0.158639
0.181737
0.205303
0.223307
0.260614
0.283306
0.299592
0.310015
0.308770
0.294405
0.253612
0.208727
0.141499
0.070423
-0.012095
-0.086044
-0.159050
-0.197792
-0.250234
-0.265954
-0.262804
-0.257877
-0.261087
-0.240998
-0.210234
-0.209268
-0.172040
-0.149316
-0.135627
-0.115079
-0.103802
-0.086512
-0.080390
-0.065560
-0.072313
-0.056736
-0.076062
-0.087879
-0.100820
-0.111258
-0.146670
-0.161654
-0.184367
-0.200523
-0.214864
-0.234949
-0.240358
-0.240317
-0.253379
-0.249419
-0.241765
-0.248943
-0.231625
-0.226669
-0.236374
-0.216583
-0.213585
-0.201726
-0.222611
-0.225820
-0.221855
-0.237347
-0.236194
-0.251657
-0.269088
-0.266943
-0.284786
-0.282638
-0.286948
-0.268807
-0.261846
-0.247715
-0.226556
-0.207303
-0.182502
-0.159737
-0.134316
-0.110313
-0.082993
-0.060647
-0.040602
-0.021894
-0.015792
0.009860
0.004178
0.006309
-0.003560
-0.011405
-0.029573
-0.040482
-0.060622
-0.077537
-0.078858
-0.077904
-0.080225
-0.062128
-0.041183
-0.015812
0.018690
0.061490
0.100210
0.138925
0.174915
0.199440
0.226855
0.250341
0.250146
0.253751
0.237742
0.217029
0.191828
0.188472
0.159635
0.134703
0.116518
0.102743
0.090859
0.081337
0.070299
0.059636
0.050880
0.041377
0.032921
0.024297
0.018916
0.011228
0.033465
0.018041
0.038575
0.045652
0.070609
0.095100
0.122875
0.150690
0.173430
0.199537
0.216408
0.224029
0.224638
0.215419
0.201932
0.181161
0.157635
0.134548
0.118596
0.110097
0.116765
0.134012
0.162474
0.200091
0.219702
0.240680
0.275326
0.287271
0.301188
0.311455
0.318935
0.289506
0.265951
0.245946
0.214432
0.175074
0.140499
0.115359
0.077624
0.048226
0.016463
-0.012855
-0.040311
-0.065991
-0.086895
-0.104335
-0.117194
-0.123795
-0.127682
-0.124927
-0.122745
-0.118794
-0.107641
-0.100600
-0.093525
-0.086466
-0.077311
-0.072447
-0.062589
-0.062651
-0.063786
-0.067498
-0.070839
-0.076549
-0.080575
-0.082760
-0.080823
-0.085691
-0.086694
-0.087841
-0.082149
-0.074606
-0.067785
-0.058457
-0.050728
-0.038938
-0.029869
-0.013470
0.000710
0.023474
0.051179
0.078266
0.117238
0.155882
0.204057
0.242325
0.284917
0.331939
0.369215
0.401814
0.418575
0.416096
0.394985
0.375634
0.331465
0.283416
0.224309
0.180701
0.133224
0.089196
0.052374
0.039120
0.031608
0.022643
0.020656
0.023074
0.027146
0.030032
0.032231
0.034321
0.034088
0.039876
0.033914
0.024352
0.018619
0.020205
0.019345
0.010706
0.015788
0.009719
0.021897
0.034556
0.042645
0.081109
0.103816
0.127682
0.151652
0.179306
0.206176
0.223757
0.233919
0.243890
0.238102
0.222050
0.211897
0.174137
0.149040
0.127014
0.080514
0.052250
0.017924
-0.013817
-0.045730
-0.071047
-0.101839
-0.133625
-0.163126
-0.194395
-0.223446
-0.253643
-0.279407
-0.303382
-0.323174
-0.332890
-0.329955
-0.332560
-0.326655
-0.314945
-0.292298
-0.265386
-0.238286
-0.208409
-0.180825
-0.160454
-0.141598
-0.139668
-0.144986
-0.168012
-0.187207
-0.216895
-0.255018
-0.271773
-0.306971
-0.313702
-0.325220
-0.328928
-0.317145
-0.305622
-0.290326
-0.277221
-0.252757
-0.240282
-0.211466
-0.210422
-0.185790
-0.166326
-0.161767
-0.144209
-0.144848
-0.113736
-0.099281
-0.098320
-0.084715
-0.073006
-0.066861
-0.061843
-0.063363
-0.063500
-0.060144
-0.088338
-0.084525
-0.101199
-0.116019
-0.114575
-0.129576
-0.140770
-0.144576
-0.148275
-0.148615
-0.136157
-0.125642
-0.111976
-0.097636
-0.075574
-0.052909
-0.031423
-0.009307
0.012043
0.030306
0.050082
0.064212
0.075964
0.084772
0.088990
0.097551
0.087202
0.076035
0.054126
0.047798
0.015316
-0.001181
-0.023885
-0.044366
-0.050903
-0.062604
-0.051946
-0.053117
-0.053023
-0.028458
-0.014083
-0.013967
0.020391
0.017524
0.011110
0.000794
-0.019234
-0.041104
-0.065825
-0.086467
-0.103801
-0.118469
-0.137554
-0.144431
-0.145544
-0.136007
-0.132294
-0.121370
-0.118659
-0.113519
-0.097170
-0.088292
-0.081755
-0.077548
-0.072796
-0.063993
-0.058070
-0.050147
-0.046378
-0.040183
-0.028547
-0.015753
-0.006761
0.000795
0.007631
0.006132
-0.001103
-0.012717
-0.026285
-0.042948
-0.064773
-0.082277
-0.098829
-0.110461
-0.113998
-0.111771
-0.098932
-0.079519
-0.058031
-0.034024
-0.012608
0.010272
0.022613
0.024312
0.016957
0.004436
-0.016171
-0.039426
-0.059966
-0.078748
-0.092327
-0.091174
-0.091621
-0.083792
-0.068343
-0.052834
-0.031888
-0.011848
0.011087
0.028767
0.043132
0.058245
0.072209
0.089994
0.099035
0.107191
0.117162
0.125516
0.133603
0.141598
0.148779
0.155931
0.157751
0.158394
0.157634
0.150231
0.139940
0.124912
0.107357
0.086386
0.065185
0.037292
0.010507
-0.018066
-0.042172
-0.068348
-0.088449
-0.104395
-0.116838
-0.128613
-0.118129
-0.134162
-0.135986
-0.120710
-0.103012
-0.084014
-0.083306
-0.051715
-0.047182
-0.036014
-0.037785
-0.037419
-0.037501
-0.033428
-0.050799
-0.050251
-0.041063
-0.038816
-0.030661
-0.018052
-0.000467
0.027095
0.053241
0.082354
0.110459
0.139583
0.170432
0.200483
0.233257
0.262800
0.293498
0.313366
0.328058
0.334164
0.331700
0.320976
0.296927
0.267279
0.232636
0.194312
0.159061
0.124054
0.096899
0.078494
0.069913
0.070669
0.085859
0.102802
0.125006
0.149828
0.174153
0.195166
0.213796
0.230164
0.242397
0.253648
0.260500
0.267812
0.265434
0.257537
0.246179
0.231086
0.212995
0.191718
0.165171
0.136079
0.103497
0.069276
0.038984
0.005026
-0.028522
-0.060017
-0.083871
-0.107715
-0.126207
-0.141229
-0.152915
-0.158386
-0.159857
-0.158938
-0.152487
-0.149567
-0.134370
-0.119613
-0.110815
-0.097531
-0.091009
-0.082762
-0.078233
-0.085398
-0.080973
-0.079549
-0.089813
-0.080913
-0.077005
-0.085284
-0.083879
-0.069888
-0.057996
-0.035124
-0.027970
-0.008509
0.015846
0.042378
0.071562
0.105489
0.147024
0.183250
0.221877
0.258159
0.293072
0.331376
0.354789
0.378439
0.385303
0.379123
0.353892
0.317225
0.261342
0.192969
0.116301
0.040222
-0.033003
-0.093683
-0.138105
-0.158653
-0.161674
-0.147378
-0.120130
-0.079315
-0.049055
-0.001811
0.033314
0.066379
0.082909
0.085926
0.094272
0.074483
0.055704
0.018518
-0.010606
-0.059665
-0.090960
-0.121773
-0.151186
-0.169824
-0.182210
-0.185867
-0.182590
-0.173900
-0.151146
-0.135026
-0.115901
-0.097273
-0.077182
-0.053002
-0.028772
-0.017135
-0.002333
0.010457
0.028613
0.032073
0.058352
0.060765
0.075137
0.089140
0.091243
0.097302
0.101207
0.109850
0.111279
0.106392
0.101958
0.100346
0.094835
0.085993
0.076397
0.066512
0.056819
0.051534
0.045362
0.044202
0.042037
0.043515
0.047461
0.065393
0.075524
0.089447
0.103616
0.113521
0.131997
0.141619
0.143121
0.144597
0.133913
0.135204
0.113296
0.104072
0.077715
0.065207
0.031544
0.013088
-0.007755
-0.024820
-0.044105
-0.043643
-0.044673
-0.044666
-0.040369
-0.029555
-0.015589
-0.001180
0.013985
0.029843
0.043025
0.054816
0.063008
0.066666
0.071331
0.069841
0.067031
0.055236
0.037194
0.030975
0.013693
0.003305
-0.023310
-0.036904
-0.028857
-0.043752
-0.025302
-0.035142
-0.026203
-0.014043
0.004194
0.015977
0.035052
0.060586
0.085758
0.110153
0.136359
0.158412
0.180224
0.204335
0.221538
0.244511
0.261701
0.283007
0.294244
0.304938
0.316111
0.324939
0.332862
0.333237
0.344716
0.356057
0.346337
0.338743
0.330296
0.293695
0.236634
0.183772
0.114770
0.026329
-0.075369
-0.173728
-0.276643
-0.383678
-0.467083
-0.562590
-0.606878
-0.653494
-0.673282
-0.682624
-0.646811
-0.622707
-0.579858
-0.524798
-0.456288
-0.394067
-0.322093
-0.251350
-0.182509
-0.132452
-0.089617
-0.059256
-0.025309
-0.002822
-0.008442
-0.016365
-0.021691
-0.039723
-0.055973
-0.070695
-0.077747
-0.093029
-0.083921
-0.064653
-0.064098
-0.037854
-0.040100
-0.024949
-0.016807
-0.000812
0.010127
0.017252
0.025679
0.012849
0.014500
0.012059
0.017375
0.007447
-0.003232
-0.013366
-0.024409
-0.036358
-0.047745
-0.061256
-0.075168
-0.088364
-0.105764
-0.116499
-0.134240
-0.151440
-0.168489
-0.187070
-0.206664
-0.226172
-0.241146
-0.256630
-0.269941
-0.280406
-0.285584
-0.288685
-0.288617
-0.288007
-0.284573
-0.280042
-0.274324
-0.263879
-0.256701
-0.250588
-0.242201
-0.234762
-0.227196
-0.218052
-0.209606
-0.200137
-0.177614
-0.175061
-0.157303
-0.130380
-0.119760
-0.096354
-0.063441
-0.031243
0.002491
0.027088
0.050623
0.094454
0.109280
0.150527
0.176869
0.201061
0.222218
0.244660
0.260505
0.268236
0.272931
0.266859
0.254658
0.246592
0.227383
0.207111
0.186489
0.168083
0.153021
0.145251
0.140191
0.141193
0.147599
0.160646
0.174442
0.192028
0.207806
0.221994
0.237015
0.250310
0.259514
0.265113
0.267442
0.267792
0.271338
0.269290
0.265992
0.263466
0.259142
0.256330
0.254713
0.249785
0.243279
0.232742
0.220214
0.203087
0.188764
0.160867
0.136750
0.097285
0.065583
0.028375
-0.013624
-0.047067
-0.086625
-0.103541
-0.125077
-0.144769
-0.155262
-0.161731
-0.176631
-0.193245
-0.210709
-0.218303
-0.231533
-0.245460
-0.258177
-0.272691
-0.272928
-0.262713
-0.258090
-0.254641
-0.220743
-0.194807
-0.162780
-0.124669
-0.090557
-0.053431
-0.025007
0.003292
0.029377
0.054207
0.082189
0.105846
0.125075
0.140493
0.151149
0.163698
0.167986
0.177154
0.153482
0.147668
0.143945
0.129557
0.112994
0.090587
0.078647
0.067969
0.050561
0.038061
0.010915
0.000161
-0.019574
-0.037487
-0.050473
-0.085772
-0.114768
-0.147716
-0.181675
-0.210168
-0.242938
-0.270406
-0.291987
-0.303981
-0.308082
-0.312865
-0.313197
-0.308295
-0.301110
-0.288583
-0.277253
-0.263564
-0.248432
-0.235115
-0.224250
-0.214399
-0.206678
-0.200885
-0.202988
-0.203107
-0.216790
-0.234043
-0.253138
-0.272458
-0.292396
-0.316100
-0.338140
-0.353781
-0.368144
-0.378561
-0.380612
-0.380258
-0.374918
-0.359705
-0.343817
-0.316994
-0.285030
-0.254898
-0.224700
-0.185734
-0.147520
-0.103015
-0.054309
-0.002194
0.047997
0.099071
0.152429
0.194598
0.232529
0.255838
0.267776
0.271318
0.255497
0.225107
0.183852
0.131181
0.071419
0.010533
-0.042763
-0.089100
-0.124841
-0.145503
-0.154148
-0.148037
-0.125921
-0.103551
-0.074198
-0.048876
-0.019270
0.006317
0.030848
0.043764
0.056893
0.066349
0.079019
0.084113
0.087874
0.091860
0.095130
0.084427
0.067812
0.044704
0.013516
-0.022575
-0.058416
-0.088562
-0.105481
-0.117255
-0.136436
-0.123567
-0.087672
-0.043686
0.005401
0.059693
0.114738
0.176941
0.220257
0.251881
0.283157
0.292230
0.290486
0.286586
0.267954
0.243221
0.212556
0.190528
0.172670
0.156779
0.152670
0.150500
0.137513
0.132245
0.145988
0.121118
0.132825
0.107765
0.088460
0.067426
0.034753
0.001629
-0.019312
-0.050184
-0.072105
-0.093598
-0.108384
-0.120671
-0.127323
-0.131040
-0.131319
-0.128812
-0.121990
-0.110025
-0.092396
-0.087770
-0.085744
-0.071253
-0.064618
-0.052255
-0.045927
-0.032771
-0.027501
0.006492
0.020942
0.019223
0.035337
0.059921
0.062906
0.098655
0.122981
0.148370
0.175017
0.180657
0.203027
0.211896
0.216958
0.220822
0.221896
0.220624
0.217438
0.214570
0.208046
0.199768
0.190061
0.178181
0.161430
0.142463
0.117426
0.093154
0.062156
0.029077
0.006612
-0.022040
-0.046937
-0.068882
-0.082264
-0.091746
-0.096640
-0.092476
-0.083106
-0.059639
-0.033462
-0.005751
0.033499
0.052540
0.081312
0.115491
0.149093
0.169525
0.195103
0.199708
0.223799
0.230352
0.228929
0.230025
0.230100
0.223546
0.207835
0.189186
0.170242
0.151095
0.133062
0.112059
0.093384
0.076759
0.064854
0.060317
0.061059
0.069755
0.080695
0.096465
0.114335
0.137070
0.160527
0.186661
0.213375
0.238292
0.262569
0.284238
0.306540
0.323912
0.341331
0.352766
0.376870
0.383393
0.389850
0.396826
0.400580
0.405472
0.405882
0.410094
0.418397
0.420732
0.424031
0.430466
0.437616
0.442708
0.445387
0.443928
0.440642
0.429960
0.413518
0.395252
0.367717
0.337726
0.302956
0.264495
0.223363
0.179064
0.134879
0.086910
0.048397
0.013611
-0.019227
-0.056421
-0.093864
-0.110245
-0.132120
-0.134520
-0.149907
-0.153689
-0.149058
-0.143694
-0.158472
-0.137395
-0.122683
-0.118629
-0.111470
-0.104407
-0.097180
-0.091463
-0.085444
-0.079687
-0.080879
-0.087407
-0.097287
-0.111211
-0.134666
-0.163815
-0.196530
-0.233894
-0.275648
-0.315092
-0.349403
-0.384260
-0.412006
-0.434541
-0.451890
-0.455854
-0.457542
-0.458362
-0.451933
-0.453065
-0.440157
-0.423817
-0.425863
-0.404502
-0.403943
-0.396562
-0.375383
-0.381727
-0.371797
-0.366366
-0.364885
-0.373486
-0.371403
-0.381923
-0.366349
-0.378812
-0.378470
-0.384833
-0.390457
-0.391517
-0.395404
-0.395842
-0.384326
-0.385313
-0.392862
-0.384176
-0.367568
-0.352344
-0.334928
-0.330016
-0.326633
-0.315606
-0.298665
-0.280838
-0.269257
-0.258091
-0.246623
-0.238354
-0.217585
-0.205107
-0.194788
-0.184210
-0.170541
-0.154112
-0.136493
-0.114853
-0.089956
-0.063924
-0.034843
-0.005206
0.024135
0.053268
0.081400
0.105336
0.126092
0.143959
0.158930
0.166348
0.170969
0.171944
0.171915
0.171614
0.171012
0.172800
0.176775
0.183244
0.192918
0.202727
0.217818
0.231863
0.251999
0.264643
0.285670
0.299027
0.315370
0.327413
0.340487
0.353486
0.368151
0.383853
0.394135
0.402535
0.410517
0.403320
0.387001
0.364815
0.332294
0.293554
0.253817
0.214603
0.177984
0.156605
0.140951
0.119912
0.111789
0.107227
0.103500
0.099238
0.091356
0.090116
0.081244
0.060943
0.049257
0.034291
0.027312
0.027032
0.011876
0.013102
0.012995
0.017504
0.020727
0.027098
0.033399
0.034763
0.036645
0.037641
0.033209
0.027672
0.021503
0.018955
0.011947
0.006693
0.005304
0.007592
0.010221
0.016763
0.027652
0.039132
0.053506
0.067938
0.086843
0.099479
0.114820
0.125451
0.129270
0.131504
0.128953
0.121668
0.119999
0.091007
0.077769
0.056789
0.030994
0.010537
-0.014439
-0.027715
-0.029953
-0.045464
-0.044415
-0.053575
-0.037219
-0.019461
0.003108
0.020542
0.064952
0.083237
0.109454
0.128361
0.142738
0.153318
0.157136
0.157231
0.155070
0.152106
0.150416
0.151579
0.148810
0.146370
0.139207
0.126163
0.103521
0.079557
0.042276
-0.000137
-0.043120
-0.083538
-0.120839
-0.149981
-0.169218
-0.179837
-0.180812
-0.181957
-0.178305
-0.170612
-0.161582
-0.151775
-0.144646
-0.138362
-0.131245
-0.123816
-0.110555
-0.105450
-0.099480
-0.093920
-0.087790
-0.080747
-0.071593
-0.062168
-0.045410
-0.031474
-0.017726
-0.001784
0.011364
0.037520
0.056110
0.071311
0.100381
0.130544
0.131512
0.171746
0.192987
0.203285
0.223810
0.223771
0.230607
0.225319
0.211702
0.191593
0.172641
0.145625
0.116059
0.090527
0.052957
0.023543
0.012089
-0.017025
-0.024602
-0.025759
-0.032784
-0.040918
-0.035834
-0.012680
-0.008335
-0.006566
0.001608
0.009501
0.003291
-0.000179
-0.000017
-0.007207
0.002363
0.008523
0.011771
0.017496
0.026438
0.038244
0.059415
0.075827
0.092239
0.108688
0.122183
0.133719
0.139381
0.143541
0.136732
0.122576
0.101959
0.079543
0.049955
0.011351
-0.007983
-0.032116
-0.055313
-0.066261
-0.075674
-0.080491
-0.064891
-0.062254
-0.021014
-0.001996
0.027274
0.065739
0.100559
0.134447
0.155435
0.163830
0.197800
0.194186
0.195898
0.186891
0.172216
0.162461
0.136338
0.104288
0.063304
0.018142
-0.030375
-0.080146
-0.131789
-0.181799
-0.224271
-0.254295
-0.278990
-0.292352
-0.290478
-0.277226
-0.255884
-0.221143
-0.187318
-0.147497
-0.122585
-0.108347
-0.106737
-0.122440
-0.152287
-0.194804
-0.245676
-0.293205
-0.335797
-0.368435
-0.387870
-0.381535
-0.369988
-0.344344
-0.305150
-0.261991
-0.217397
-0.171462
-0.129371
-0.087281
-0.047907
-0.018451
0.012779
0.027257
0.036586
0.050123
0.051725
0.048802
0.043444
0.042612
0.035527
0.006259
-0.018963
-0.033101
-0.061300
-0.065524
-0.087472
-0.114487
-0.139964
-0.158152
-0.177688
-0.202071
-0.229976
-0.257344
-0.288274
-0.323151
-0.359022
-0.394883
-0.427562
-0.454550
-0.477828
-0.493000
-0.500030
-0.497507
-0.483420
-0.446081
-0.414895
-0.385582
-0.346972
-0.298323
-0.239871
-0.184369
-0.142401
-0.098434
-0.058374
-0.005938
0.030765
0.065398
0.098711
0.127820
0.157712
0.175306
0.180679
0.185538
0.178260
0.167233
0.144368
0.118902
0.090499
0.062557
0.047068
0.023479
0.020498
0.017882
0.025229
0.042842
0.064799
0.088798
0.114406
0.139452
0.166782
0.190965
0.209606
0.221664
0.231988
0.240543
0.242867
0.245636
0.244152
0.246196
0.241604
0.235963
0.221744
0.206649
0.199401
0.168870
0.145983
0.123520
0.096636
0.055599
0.025694
-0.010521
-0.032429
-0.061928
-0.079150
-0.107444
-0.096873
-0.108898
-0.103200
-0.097368
-0.090031
-0.085676
-0.080874
-0.077316
-0.081118
-0.087212
-0.093465
-0.097807
-0.099080
-0.095450
-0.083749
-0.071154
-0.054430
-0.034095
-0.011556
0.003132
0.023351
0.035285
0.048553
0.054080
0.054845
0.054796
0.052687
0.048353
0.055858
0.047402
0.039690
0.033855
0.028250
0.030627
0.032157
0.034194
0.037477
0.051167
0.056750
0.069961
0.078410
0.072864
0.077765
0.065724
0.056639
0.019429
-0.009210
-0.059138
-0.096243
-0.151340
-0.212691
-0.270318
-0.334039
-0.381685
-0.421452
-0.455587
-0.475930
-0.484038
-0.481258
-0.469003
-0.440521
-0.411376
-0.365097
-0.323088
-0.270130
-0.214070
-0.158318
-0.115883
-0.052781
-0.006255
0.031120
0.055797
0.068396
0.082579
0.067231
0.061763
0.037489
0.005923
-0.021479
-0.038111
-0.049694
-0.056708
-0.051829
-0.035488
-0.017552
0.000420
0.013729
0.045381
0.061142
0.090464
0.105321
0.119658
0.125158
0.143876
0.132883
0.144962
0.150035
0.152824
0.162492
0.161261
0.188151
0.196840
0.206521
0.213791
0.218646
0.216343
0.209361
0.188307
0.161802
0.123404
0.085116
0.037164
-0.008669
-0.049939
-0.081488
-0.102711
-0.115635
-0.119745
-0.113692
-0.103187
-0.088680
-0.072086
-0.053199
-0.036433
-0.019313
-0.000333
0.015340
0.035282
0.050785
0.060621
0.074029
0.086418
0.097637
0.109036
0.120527
0.131619
0.144169
0.153488
0.159735
0.169788
0.176123
0.180894
0.182028
0.181373
0.178775
0.175781
0.170355
0.162605
0.163173
0.137674
0.126623
0.111985
0.105079
0.095377
0.079974
0.070490
0.046289
0.038563
0.028336
0.021864
0.017305
0.024111
0.036117
0.048072
0.071867
0.096992
0.118493
0.137786
0.154014
0.177612
0.181835
0.174547
0.167382
0.152918
0.141517
0.125060
0.088230
0.071556
0.044056
0.035180
0.015631
0.009357
-0.002497
-0.008567
-0.002373
0.002945
0.015801
0.023567
0.041251
0.051826
0.062819
0.070892
0.077763
0.084211
0.094872
0.097228
0.098272
0.099678
0.101452
0.101515
0.106719
0.108581
0.115721
0.115152
0.127803
0.137927
0.150537
0.170445
0.195609
0.223927
0.258258
0.293429
0.331997
0.363393
0.389809
0.403702
0.405111
0.386373
0.354305
0.306029
0.254054
0.195118
0.139449
0.101023
0.072897
0.059515
0.064142
0.080730
0.106859
0.133181
0.154211
0.170205
0.172611
0.160104
0.137275
0.103491
0.068942
0.038253
0.007910
-0.019041
-0.034504
-0.038202
-0.032747
-0.018118
-0.003251
0.012710
0.026982
0.039326
0.044669
0.047861
0.045594
0.035043
0.013349
-0.010329
-0.033539
-0.055096
-0.090282
-0.114782
-0.135693
-0.171252
-0.192525
-0.205553
-0.222267
-0.237799
-0.234606
-0.252577
-0.255236
-0.253599
-0.251741
-0.247984
-0.242988
-0.234914
-0.227563
-0.221479
-0.225078
-0.213631
-0.215237
-0.208037
-0.217775
-0.225335
-0.224964
-0.217554
-0.208130
-0.206962
-0.193525
-0.177002
-0.157161
-0.140777
-0.119793
-0.096760
-0.068288
-0.040885
-0.011492
0.018989
0.044682
0.069779
0.090898
0.108303
0.122508
0.131164
0.132834
0.134808
0.123675
0.110865
0.090928
0.064423
0.035322
0.007829
-0.017786
-0.046848
-0.071162
-0.091129
-0.109266
-0.122612
-0.131269
-0.133553
-0.135149
-0.129919
-0.127656
-0.120126
-0.117163
-0.116191
-0.105425
-0.099895
-0.103103
-0.100135
-0.094759
-0.108759
-0.109711
-0.128818
-0.128328
-0.147262
-0.160546
-0.181797
-0.195236
-0.213142
-0.237275
-0.254342
-0.264438
-0.297012
-0.310695
-0.329920
-0.331377
-0.346692
-0.362363
-0.370496
-0.378614
-0.383540
-0.386344
-0.383701
-0.377684
-0.370629
-0.359426
-0.348694
-0.334214
-0.318896
-0.300969
-0.280981
-0.259589
-0.235959
-0.216404
-0.192401
-0.174016
-0.153250
-0.137067
-0.122577
-0.107340
-0.093669
-0.084382
-0.070921
-0.061748
-0.052486
-0.041836
-0.025586
-0.002696
0.023430
0.048401
0.080447
0.108638
0.137125
0.163689
0.181884
0.191534
0.202577
0.195541
0.184406
0.164187
0.145925
0.128125
0.115044
0.109575
0.117594
0.136559
0.165910
0.201798
0.241117
0.282217
0.325707
0.354374
0.379573
0.394153
0.396148
0.395985
0.378174
0.357142
0.331110
0.299429
0.270792
0.239510
0.220766
0.194034
0.173619
0.150022
0.142984
0.125650
0.124678
0.123506
0.115695
0.119109
0.113909
0.095128
0.085486
0.063632
0.062457
0.039371
0.027668
0.019011
0.007370
0.005468
-0.007913
-0.025961
-0.019115
-0.023595
-0.036368
-0.045233
-0.049248
-0.069249
-0.063752
-0.069279
-0.097004
-0.100260
-0.099599
-0.106354
-0.111430
-0.119264
-0.121816
-0.096666
-0.102145
-0.092385
-0.071902
-0.070169
-0.067513
-0.059719
-0.040056
-0.041699
-0.040458
-0.024783
-0.027548
-0.027903
-0.029766
-0.030367
-0.028736
-0.019538
-0.021380
-0.014044
-0.014464
-0.018262
-0.021204
-0.021812
-0.023108
-0.017103
-0.018150
-0.016525
-0.013559
-0.009113
-0.001987
0.006151
0.019796
0.027198
0.036126
0.054407
0.066829
0.080346
0.093509
0.106420
0.120734
0.133728
0.143285
0.153600
0.161423
0.167891
0.173565
0.174611
0.174349
0.171551
0.170109
0.162599
0.153437
0.144184
0.133141
0.122117
0.111094
0.096671
0.084236
0.065770
0.062802
0.048696
0.031523
0.022688
0.024678
0.014488
0.010817
0.007088
-0.004208
-0.009047
-0.021721
-0.022146
-0.036271
-0.043473
-0.058551
-0.070709
-0.081123
-0.083629
-0.098608
-0.101692
-0.103975
-0.091665
-0.091990
-0.077865
-0.057301
-0.042670
-0.026783
-0.012634
0.007591
0.017465
0.030724
0.037929
0.046916
0.049952
0.048406
0.045079
0.043005
0.036078
0.028525
0.020691
0.012327
0.003499
-0.006644
-0.017904
-0.031533
-0.052447
-0.078446
-0.114689
-0.137801
-0.175352
-0.216446
-0.249493
-0.260601
-0.274409
-0.284918
-0.272947
-0.246734
-0.210403
-0.188907
-0.144551
-0.102867
-0.066112
-0.029267
0.009980
0.025863
0.034997
0.042299
0.032440
0.008989
-0.027283
-0.058749
-0.082904
-0.125600
-0.151522
-0.180288
-0.207526
-0.220836
-0.227827
-0.240438
-0.239099
-0.234770
-0.224203
-0.214745
-0.204235
-0.197119
-0.191112
-0.186548
-0.179556
-0.174145
-0.170105
-0.166571
-0.157575
-0.154426
-0.151667
-0.149974
-0.148530
-0.146816
-0.143633
-0.140860
-0.139064
-0.138248
-0.138451
-0.141071
-0.143666
-0.146338
-0.149975
-0.154523
-0.154555
-0.155442
-0.155568
-0.155841
-0.150871
-0.144424
-0.127993
-0.108821
-0.086972
-0.063600
-0.036591
0.000379
0.031303
0.065587
0.096751
0.124744
0.157152
0.183490
0.207264
0.229071
0.252118
0.268846
0.293369
0.304637
0.317733
0.325806
0.332476
0.338318
0.343833
0.345409
0.345537
0.343984
0.343517
0.343935
0.345549
0.345843
0.346683
0.353808
0.356539
0.370234
0.376627
0.383131
0.390416
0.398737
0.409704
0.421121
0.427932
0.433518
0.437552
0.442532
0.443912
0.445163
0.443058
0.438437
0.432113
0.424886
0.415308
0.404173
0.391465
0.379114
0.365550
0.348375
0.329772
0.310912
0.292340
0.271181
0.253889
0.232576
0.211192
0.194995
0.182125
0.167328
0.153524
0.145442
0.134250
0.124218
0.114837
0.103670
0.093846
0.080995
0.062192
0.041602
0.020751
-0.009209
-0.041535
-0.078034
-0.110494
-0.140528
-0.169538
-0.190020
-0.207914
-0.218493
-0.220830
-0.217033
-0.202829
-0.183814
-0.164057
-0.140311
-0.117060
-0.096770
-0.082326
-0.071657
-0.064215
-0.062081
-0.060097
-0.066824
-0.075640
-0.085863
-0.094689
-0.105143
-0.114163
-0.120733
-0.124017
-0.121358
-0.112565
-0.102375
-0.090896
-0.075930
-0.063883
-0.052003
-0.038657
-0.027565
-0.021472
-0.018377
-0.010035
-0.008279
0.004129
0.001215
0.002674
0.001422
-0.006026
-0.003645
-0.010943
-0.011208
-0.033165
-0.044866
-0.071272
-0.092457
-0.110037
-0.125315
-0.133211
-0.128218
-0.142361
-0.136712
-0.124807
-0.112481
-0.099783
-0.088584
-0.078853
-0.071343
-0.065393
-0.062048
-0.061087
-0.062177
-0.059872
-0.054501
-0.049866
-0.045802
-0.040434
-0.032368
-0.022331
-0.008556
0.007787
0.025397
0.040455
0.053161
0.060057
0.059786
0.051511
0.033597
0.009025
-0.022565
-0.064054
-0.104067
-0.146402
-0.182923
-0.211934
-0.236457
-0.255129
-0.264966
-0.271247
-0.268807
-0.264313
-0.258798
-0.245869
-0.235327
-0.230386
-0.212848
-0.196456
-0.199463
-0.196731
-0.189537
-0.177517
-0.191473
-0.178283
-0.177246
-0.176735
-0.170862
-0.168170
-0.173718
-0.159129
-0.156877
-0.163483
-0.148111
-0.159316
-0.170440
-0.165904
-0.178422
-0.154680
-0.158170
-0.139742
-0.122727
-0.097001
-0.078244
-0.064573
-0.039561
-0.026211
-0.014344
0.000914
0.005106
0.007265
0.005614
-0.000770
-0.001138
-0.011799
-0.019492
-0.023613
-0.027965
-0.023606
-0.018181
-0.009579
-0.000154
0.014792
0.032006
0.050795
0.069023
0.087544
0.105001
0.126742
0.145052
0.159043
0.171913
0.185221
0.196122
0.205153
0.212370
0.218585
0.227316
0.224316
0.218972
0.209418
0.197675
0.180685
0.159923
0.134677
0.119312
0.088684
0.047442
0.031961
-0.003133
-0.027772
-0.065173
-0.091413
-0.107448
-0.128275
-0.150113
-0.157122
-0.182013
-0.197310
-0.211634
-0.223005
-0.234829
-0.244086
-0.253213
-0.257163
-0.257566
-0.263204
-0.253654
-0.244200
-0.227224
-0.223712
-0.194025
-0.183911
-0.159120
-0.140557
-0.100212
-0.070901
-0.042009
-0.015033
0.019974
0.032861
0.062551
0.076532
0.084870
0.089556
0.085187
0.072844
0.062018
0.028832
0.002372
-0.032233
-0.067980
-0.108557
-0.136007
-0.162457
-0.200735
-0.211230
-0.196165
-0.199301
-0.181932
-0.158977
-0.129839
-0.096585
-0.058281
-0.020212
0.016135
0.052036
0.084716
0.110179
0.131269
0.150568
0.169680
0.174016
0.171073
0.164481
0.150606
0.130870
0.111387
0.088186
0.066920
0.048051
0.036302
0.032082
0.034078
0.045246
0.065024
0.092177
0.131629
0.166358
0.205137
0.241084
0.275218
0.302928
0.328522
0.340993
0.345792
0.338522
0.328169
0.304056
0.273165
0.238780
0.198976
0.164442
0.128076
0.100024
0.074310
0.055188
0.040897
0.032113
0.026588
0.039236
0.028680
0.035602
0.048711
0.059813
0.069332
0.063219
0.071150
0.070339
0.068919
0.063662
0.060138
0.046941
0.032212
0.008580
-0.009465
-0.030566
-0.055820
-0.079812
-0.103949
-0.127657
-0.147623
-0.174021
-0.180155
-0.192767
-0.196250
-0.188534
-0.188070
-0.186193
-0.191156
-0.175359
-0.162379
-0.150833
-0.137648
-0.124873
-0.114287
-0.104497
-0.094791
-0.086298
-0.079766
-0.074253
-0.069640
-0.064930
-0.058959
-0.055317
-0.049453
-0.044390
-0.036455
-0.032439
-0.028386
-0.021599
-0.013294
-0.004529
0.006717
0.019167
0.032746
0.052230
0.069407
0.099858
0.104994
0.132446
0.168217
0.184539
0.229066
0.261121
0.295391
0.335343
0.374032
0.399124
0.427113
0.457924
0.465040
0.463731
0.451970
0.424666
0.381313
0.327583
0.261204
0.187239
0.111528
0.033424
-0.039266
-0.104132
-0.149648
-0.186599
-0.207726
-0.216901
-0.213860
-0.202040
-0.186221
-0.166311
-0.145464
-0.125739
-0.102410
-0.089246
-0.045652
-0.024075
0.023698
0.059694
0.092275
0.140134
0.168227
0.212284
0.223244
0.258269
0.269266
0.292832
0.316016
0.325664
0.343301
0.355695
0.360877
0.377685
0.360613
0.348949
0.328840
0.296825
0.263559
0.215871
0.176028
0.130404
0.092015
0.059879
0.035539
0.027710
0.023926
0.029119
0.041488
0.057060
0.073029
0.087724
0.098783
0.107444
0.106894
0.098631
0.083616
0.062593
0.038675
0.017912
-0.015891
-0.049414
-0.078643
-0.104649
-0.125514
-0.147205
-0.162465
-0.173607
-0.178686
-0.175292
-0.170840
-0.162527
-0.152253
-0.142323
-0.130695
-0.118459
-0.114862
-0.115133
-0.120392
-0.121258
-0.145847
-0.175135
-0.202904
-0.224622
-0.228135
-0.236699
-0.254235
-0.239321
-0.227433
-0.215670
-0.184224
-0.176162
-0.168724
-0.149975
-0.132022
-0.115640
-0.102519
-0.093767
-0.085535
-0.069631
-0.067526
-0.063019
-0.062840
-0.062941
-0.064754
-0.063023
-0.064888
-0.065151
-0.069466
-0.070800
-0.073972
-0.074833
-0.071676
-0.065113
-0.053019
-0.038398
-0.031652
-0.018048
-0.006489
0.005904
0.021670
0.043181
0.045229
0.040293
0.039785
0.036762
0.025285
0.002739
-0.002383
-0.020178
-0.038565
-0.048109
-0.064099
-0.070338
-0.082002
-0.088582
-0.093168
-0.092379
-0.093875
-0.094677
-0.093996
-0.090312
-0.102555
-0.081092
-0.066934
-0.062088
-0.042214
-0.018766
-0.009622
0.011079
0.030302
0.048947
0.065618
0.078861
0.090367
0.097650
0.098733
0.098780
0.099632
0.089656
0.077797
0.064572
0.055637
0.044584
0.030443
0.018503
0.003069
0.004455
-0.015883
-0.007367
-0.012217
0.006871
0.001149
0.007626
0.023480
0.048914
0.080664
0.121307
0.159502
0.198321
0.230159
0.282984
0.315999
0.335108
0.343614
0.342956
0.306323
0.266437
0.214498
0.148725
0.093742
0.047606
0.015003
-0.003573
-0.008467
-0.007333
0.004621
0.017104
0.025419
0.027464
0.019268
0.001736
-0.022497
-0.056714
-0.089947
-0.134776
-0.174883
-0.211933
-0.230621
-0.259667
-0.274955
-0.282775
-0.288736
-0.306715
-0.294091
-0.301103
-0.295379
-0.319169
-0.304663
-0.316764
-0.305225
-0.299613
-0.303308
-0.283004
-0.287186
-0.275447
-0.274223
-0.239788
-0.236585
-0.197199
-0.176076
-0.150984
-0.130580
-0.100983
-0.084271
-0.061698
-0.035157
-0.008368
0.027262
0.032598
0.053021
0.078379
0.077259
0.082108
0.095152
0.086661
0.088613
0.080748
0.085659
0.077391
0.062158
0.066526
0.068877
0.075892
0.088860
0.089824
0.096899
0.105747
0.114429
0.122498
0.125634
0.123604
0.121727
0.127875
0.106293
0.105858
0.106023
0.092123
0.091302
0.076574
0.061754
0.052819
0.047776
0.032061
0.043493
0.025324
0.035152
0.027288
0.022872
0.015344
0.030791
0.032832
0.035671
0.053749
0.066330
0.079315
0.099348
0.121485
0.147177
0.175979
0.213133
0.247967
0.280057
0.307292
0.322476
0.338326
0.331896
0.305909
0.272162
0.210642
0.135447
0.059267
-0.008561
-0.074384
-0.130958
-0.173686
-0.201966
-0.213463
-0.213340
-0.204229
-0.190556
-0.176898
-0.150131
-0.138973
-0.123148
-0.113857
-0.113393
-0.103673
-0.099558
-0.090575
-0.086279
-0.087652
-0.055411
-0.060788
-0.049395
-0.024695
-0.005839
0.005693
0.034790
0.051653
0.069390
0.083727
0.093438
0.100117
0.099863
0.095543
0.092030
0.087431
0.083460
0.080455
0.087164
0.099094
0.111517
0.126308
0.141460
0.157434
0.172996
0.186835
0.198254
0.205039
0.204133
0.193530
0.174944
0.142555
0.107150
0.055466
0.001279
-0.049364
-0.095214
-0.129169
-0.157224
-0.160820
-0.164808
-0.145460
-0.125144
-0.116190
-0.096044
-0.082921
-0.081407
-0.064589
-0.070302
-0.068758
-0.082218
-0.098836
-0.121073
-0.147205
-0.174236
-0.206603
-0.237985
-0.270250
-0.301430
-0.331224
-0.352200
-0.371029
-0.385121
-0.390785
-0.391700
-0.391094
-0.386591
-0.380228
-0.372264
-0.358457
-0.346540
-0.344213
-0.322271
-0.312394
-0.314150
-0.296148
-0.311477
-0.303573
-0.306162
-0.324448
-0.323722
-0.339384
-0.353698
-0.360107
-0.385334
-0.381706
-0.393158
-0.391653
-0.392958
-0.382335
-0.371999
-0.358869
-0.345085
-0.333255
-0.326109
-0.327527
-0.344928
-0.360632
-0.380198
-0.399199
-0.438680
-0.472396
-0.492848
-0.524188
-0.524186
-0.530253
-0.510118
-0.481022
-0.453822
-0.430442
-0.403000
-0.363897
-0.358619
-0.345367
-0.351654
-0.356158
-0.361393
-0.378466
-0.380167
-0.392076
-0.393374
-0.381878
-0.367660
-0.318707
-0.280879
-0.239640
-0.197219
-0.147718
-0.105672
-0.069282
-0.038687
-0.006482
0.010811
0.026954
0.031422
0.023941
0.008641
-0.013626
-0.038667
-0.073322
-0.110599
-0.146223
-0.184592
-0.226610
-0.271502
-0.303935
-0.339876
-0.359219
-0.361230
-0.371296
-0.361811
-0.342003
-0.314768
-0.295561
-0.257436
-0.213713
-0.183962
-0.153321
-0.119848
-0.090292
-0.072046
-0.056536
-0.041984
-0.024398
-0.017329
-0.011826
-0.008869
-0.006788
-0.006539
-0.009878
-0.016249
-0.025842
-0.039404
-0.058894
-0.076885
-0.103987
-0.134484
-0.165775
-0.201990
-0.240682
-0.277529
-0.307682
-0.340452
-0.367469
-0.389511
-0.405811
-0.417507
-0.428232
-0.430994
-0.442387
-0.430639
-0.442753
-0.448293
-0.446707
-0.453658
-0.442746
-0.434647
-0.421827
-0.402754
-0.372253
-0.353332
-0.321144
-0.299346
-0.260551
-0.224562
-0.182293
-0.167034
-0.135241
-0.113828
-0.100539
-0.069815
-0.076160
-0.061443
-0.056294
-0.042979
-0.036570
-0.031403
-0.027576
-0.024134
-0.021056
-0.018318
-0.013272
-0.008538
-0.006126
-0.004470
-0.003113
0.000000
0.000000
0.000000
